

A
 8
A
 8
K
 9652
A
 8
K
 9652
A
 8
A
 8
A
 8
L
 
6
23
A
8
A
 8
L
 
6
2
3
K
 96
5
3
A
 8
A
 8
9
653
9
6
5
3
96
5
3
9653
5
3
01
2
/2
9
9
81
84
97035/1
98408
81
5
28
8
152
3
9
8
1
6
8
97036
9
4
55
6
984
0
4
98001/1
80786
75074
93269
9
3
270
93271
9
353
7
98382
5
30
12
/
8
8
174
8
81
749
817
50
81
7
51
9
456
3
97037
8
0042
/
6
9
00
0
8
7
0
1
2
2/1
90052/2
9
005
5
/1
98383/1
75250/
4
8
1
51
9
5
3
0
12
/20
98383
53012/21
98864/1
8
1
841
5
301
2
/10
5
3
012/1
9005
2
/
1
90055/2
800
36
94
977
9
4
7
28
94
7
1
5
97092
97029
8
0
03
7
90029/1
9
360
7
9
3
612
936
1
3
81764
80
0
38/
1
9
3538
9
0014
8003
8
9362
1
9362
2
53012/3
3
936
25
75070
55839
75228
9
0
084
90
08
0
9
4557
98235
817
79
81780
81781
7522
9
8
17
82
53012/7
90002/5
90
00
2/4
53012/16
9
7038
9004
8
97032
92350/2
90
0
11
9
42
23/3
97069
9472
5
98198
97035
9
8
2
0
0/1
98
1
9
9
/1
9
4
993
94992
8
0048
8
0
786/1
7
5
2
52
98405
80
0
8
1
81763
97046
97047
98051
98
299/
1
97055
97056
97057
97080/1
97050
97043/1
97049
97043
97009
9
8
043
75045
98
102/5
98383
97051
75228
97093
7507
3
98104/42
98104/41
75229
98102/2
98242
97052/1
98102/4
97053/1
97059
97061
98051/1
97006
98001/10
98302/3
75073
98001
97008
97019
75228
9700
4
98302
97062
97063
97065
97062/1
98369
9
70
54
/1
970
03
75072
98302
/4
98302
/
2
98117/3
97041
97042/1
97080
97001/1
97010
97053
98104/13
97066
97067
97042
98102/1
97039
97068
97070
98399
97048
97040
9
8
4
0
7
98278
98279
98280
98287
98298
98249
98274
98275
98299
98251
98358
98250
98252
98277
98284
98359
98102/
5
9828
5
98286
98253
98360
98361
98276
98254
98255
98368
983
70
98362
983
00
98354
98294
98295
98
367
98291
98292
98371
98372
98
366
98355
98104/26
9828
9
98409
98356
98357
98297
98363
98296
98246
98245
98283
750
73
9
8
2
8
8
98293
98290
98301
75045
97045
98298/
1
98302/1
9828198
28
2
98365
98364
8
004
2
/5
80
04
2/
1
81769/1
8
1
7
69
94
35
3
80
0
4
2
/7
8
1
5
1
8
8
0
0
80
8
1
5
16
/
1
8
1
5
1
6
/
2
81768/1
8
1516/5
8
1
734
8
0
0
0
1
75
045
800
42
/2
8184
3
94523/1
8
1059
/
1
81738
817
3
9
8174
0
817
4
1
815
3
0
81
84
6
8
1
5
2
9
94353
81737
8
1
7
6
5
8
000
1
8
1
7
4
7
81842
94523/
1
8
1
8
45
80
0
4
2
/
8
8
1
735
8173
6
81
5
1
6
8
184
4
8
0
0
7
7
8176
6
/
1
943
53
800
7
8
81
5
1
6/4
9452
3
/1
81766/2
8
0
042
/
3
8
1
76
6
817
6
8
81059
8
0079
8
17
6
7
8078
4
8
0
0
4
2/4
81
7
70/1
81770
81771
807
8
3
81776
80039
80784/1
817
7
2
81773
8
10
6
1
81
777
81777/1
8
1
7
7
8
810
5
9/3
81778/1
8
1777/
4
817
7
8/
2
81779/2
81780/2
9
5
137
81777
/3
9
5
1
3
8
817
72/
1
81763/1
8
004
1
8
00
4
0
81
745
8
1
5
16
/
3
8174
2
8
17
43
81744
81
5
17
94483
94
483
/1
94
484
8
1780/
1
94
485
9
445
6
9
29
1
6
94552
9
455
3
9
2
6
8
6
9
4554
92687
9
4424
92689
9
269
0
/1
9269
3
/
1
92
9
1
7
926
9
3
/
2
9
4
3
75
92
6
9
5
9
2
6
7
0
9
26
71
92
669
94
5
24
/
2
9
2
66
5
/1
94452
9
4453
94
45
4
9445
5
92927
9
29
2
8
9292
9
92
6
6
8
9
2
89
1
9
2
920
9
2
89
2
92
922
928
93
92
923
9
2924
929
2
5
92
9
26
9
45
5
5
9511
7
9
5
1
1
2
/1
8
1
7
7
6/2
9
2
8
54
8
1776/
3
81
763
817
6
4
92667
94376
94377
9
4
37
8
9
4
466
9
2
67
9
9
2
680
9268
1
926
6
2
/
2
9
2
6
8
2
9
2
6
6
2
/
3
926
8
3
9
2
6
63
92
6
8
5
/
1
9
4523/1
9437
9
9
4
3
8
0
94
38
1
9
4
38
2
9
43
83
9
4
38
4
94523/1
9
2
9
1
2/
1
9291
3
92
915
92918/1
944
65
9
29
18/
2
9
2
9
1
9
94
5
5
0
9
4
551
9266
4
9
4
3
75
92
6
5
9
9266
0
92662/1
9
2
661
92674
9267
5
92676
9
2
93
0
92
931
9
26
5
6
92
9
3
3
9
2
6
5
8
92
93
4
9
4
4
24
92
9
35
92906
929
3
6
92907
94546
9
2
9
0
8
94
548
92
9
09
9
2
9
10
9291
1
926
77
92678
94464
9
4
4
7
2
/
1
9
4
473
/
1
9
447
5
/1
944
7
6/1
9
447
7
/
1
9
26
9
8
94549
9
26
9
6
94374
9
4
473
9
4475
94
4
77
94
5
5
7
/2
9
4
5
2
4/1
9
44
76
92653
8
1
7
76/1
92654
817
77
/
5
9265
5
8
1
77
7
/2
8177
9/
1
94557/1
9269
9
92700
927
01/
1
92701/2
8
1
7
8
1
/1
92
9
00
92901
92902
9
2
90
4
9
4
4
6
7
9
4385
9
2905
9
4
46
8
94386
94387
9
4
3
8
8
9446
0
9
446
1
944
62
9446
3
9
513
6
9513
5
95134
95
1
3
3
95132
95
131
95130
9512
9
92702
951
28
9
4
3
9
2
9
2
7
04
/1
9
5127
92
7
06
9
5126
9
4
3
89
927
07
95115/1
943
90
951
14
94469
94
391
9512
5
951
2
4
9
4
4
70
95
1
23
944
71
951
2
2
9
4
472
95121
9
5
12
0
94558
951
1
6
95113
95115
9
4
5
23
94
5
2
5
94
5
2
4
9
26
51
/
1
95112
9
452
2
95
1
18
94
3
93
9
44
78
9
43
94
944
63
9
4
3
9
5
9
28
9
5
9
4
3
9
6
92896
94
3
97
92
897
943
9
8
9
28
9
8
943
9
9
9
28
99
81
77
4
9
44
57
9
4
458
9
4459
9
4
523/2
944
7
9
9
44
8
0
94
481
94
4
82
817
75
81775/1
92
6
9
4
95119
94557
9
4
40
3
92341
/
1
944
04
94
40
5
9
4406
92861
9
28
6
1/1
9
44
07
9286
2
9
4
408
9
28
6
3/1
928
6
5
9452
8
9
452
9
93425
9
3427
944
9
4
9
44
95
9
44
96
9
44
9
7
944
9
8
9
2622/1
944
1
0
944
11
94
40
9
94
49
9
9
4
5
00
92856
94501
92858
9
4
3
7
5
9
4502
9285
9
945
03
92860
9
2855
92854
94560
92621
92714
9
2
71
5
9
2716
944
4
3
92
620
9
4444
94445
9
44
4
6
9
4
44
8
9
4449
94450
9
4451
9
273
9
/1
92
73
9/
2
92740
92741
9
274
2
94
44
7
9
45
63
9
2
6
1
3
9
2
6
1
6
9
2617
94530
926
19
945
2
5
9
4523
926
0
9
92
6
11
92
6
12
92881/
1
9
2
882/
1
92
7
17
9271
8
9
2719/1
9
2
719/2
9
2
7
2
0
92
7
2
1
944
27
9
442
8
9
4
4
29
927
4
3
92879
/
2
92883
9
3428
92884
94526
92
8
85
9
28
88
/
1
9289
0
94
4
4
0
94
44
1
94
44
2
9
2
7
44
92
745
92
746
92
7
47
9
27
48
94
4
36
94437
9443
8
944
39
944
12
9441
3
944
14
94415
944
15
/1
94486
9
27
11
9
4
4
8
7
92
712
94488
92712/1
9
2
6
4
5
944
89
9
27
13
9
2
6
4
6
92647/1
92648
9
4430
9
44
31
9
443
2
94
4
33
9
4
4
3
4
98125/5
9
4435
9
2874/2
9287
5
92876
9
28
7
8
928
7
9
/1
94
49
1
94
49
2
94
4
90
9264
0
9
2
64
1
92642
92643
9
26
3
8
92
639
92727
92728
92
7
2
9
9
273
0
9
452
4
92722/1
9
275
3
92724
9
2
7
5
4
9
27
2
5
9
2
756
9
2726
9
27
58/
1
9274
9
9
275
1/
1
94
5
27
9450
4
92854
9
45
42
94543
9
24
5
6/
1
945
4
4
92458
/
1
94545
9
2
4
59
92
4
60
92
636/1
9263
6
/2
92637
92760
92763
9
2
7
6
4
945
05
945
06
945
07
92
63
3/1
9
2
45
3
9
2
4
5
4
927
32
92
733
9
2
734
92
735
92736
9
2
7
37
9
2738
9
4541
926
2
7
92628
92
6
29
92631
/
1
92632
945
36
94537
94
53
8
9
45
39
9
4
5
4
0
928
6
6
/
1
92868
9
28
6
9/1
92
7
0
8
9
286
9/2
9270
9
9
2870
9
27
1
0
928
7
3
92871
9
2
87
2
92874/1
9
4
559
94
4
2
4
92894
94531
9
2623
945
32
94493
92
485
92624
94533
92
857
/1
9262
5
94534
928
5
7/2
9
45
35
9
4
547
945
2
2
9
2
6
2
2
/2
9
44
0
0
9
4
40
1
94
402
9
2
4
36
9
2
4
3
7
9
2
4
3
9/
1
92
43
9/2
9
2
439/
3
93348/1
92291
9
2292
9
229
3
9
2
294
93
3
4
7
92
4
8
4
94914
92484
/
1
9
334
4
94915
9
2
48
7
9
3
3
4
5
92488
933
46
92489
9
4
423
9
2
490
92442
98125/4
93437
93361
94
5
2
4
93
362
93
3
63
9
3
3
6
4
9
3
3
65
9336
6
/1
93367
934
3
8
924
69
92
4
70
9
24
7
1
92593
93366/2
9
2
59
4
92443/4
9
24
4
3/3
92
4
4
4
924
4
5
9
2
4
46
/
1
92426
925
0
5
94
522
924
25
922
9
5
924
78
9
2
29
6
94512
92479/1
9229
7
94
5
13
92
47
9/2
93
2
66/1
922
98
94
5
14
9
2
4
81
9
3
266/2
92299
/
1
92
4
82
93267
92
3
02
9
2
483
932
6
8
92423
924
24
93441
9
3
44
2
9
2607
9
2
608
9
24
2
2
92
421
9
437
5
9
8135
93443/2
93
4
4
6
9
3
4
4
4/1
92501
9
2
4
5
1
/1
9
2
5
0
2
9
2
4
5
2
9
2
4
5
2
/1
94
4
25
92303
94
4
26
9
2466
92
3
05/
1
94
424
9
3
3
58
9
33
5
9
9
3
36
0
9
343
0
92491/1
92491/3
93
4
3
0/1
9
2
4
95
93
431
93
43
3
9
34
34
93
4
3
5
981
34
92491/2
98
133
934
2
9
92
5
06
92
5
07
9
2
5
0
9
9
2
51
4
925
1
5
94913
9
2
59
3
92496
933
57
92497
93
4
41/1
92449
9
3
44
2
/
1
9
2
45
0
9
2
451
9
2446
/2
9
2447
924
4
8
981
32
98125/3
9
2
473
9
247
4
9244
3
/2
92476
9
24
7
7
93340
9
3
6
08/
1
9
260
3
9
3610
9260
5
/
1
94
41
6
9
3611
94417
944
18
92604
94420
98125/3
94
4
21
9
45
1
5
9
3
4
4
7/
1
9
45
1
6
9
3
6
2
8
93630
9
3
4
40
92
60
2/
1
9
3
443/3
933
7
3/2
92472
9
3
377
94423/1
924
6
1
9
3374
92432
9243
3
/1
92
434
9337
5
9
3
4
4
4
/
2
93
4
46/1
92433/2
9
3
378
9260
1
9
2
60
2
9
3448
/
3
93
4
49/
1
93
3
43/4
93
3
43/
5
94517
98125/1
98125/2
9
25
99
926
0
0
94
5
18
94523
9
4519
94
4
22
92462
924
6
3
92464
9246
5
9
2
4
6
7
92
4
68
93368
93369
92430
93370
92431
926
05
93354
9
3
355
98225
94520
92427
92428
/1
94
5
08
9
45
09
9
4
5
2
1
94
510
9
4
511
98
145
9259
6
/1
92
5
98
9
3371
93372/1
9
3372/2
9
33
73
/
1
933
4
8/2
9335
6
9
3
3
49
9
2
4
35/1
9
2
435/2
9343
6
98
131
936
2
9
9
2288
92
2
89
92290
9
8
1
30
93615
93
6
16/1
9
3619/1
9362
0
92499
92500
9
25
0
3
92
5
0
4
92
498
9251
6
92517
94876
94937
9
4
9
3
8
98190
53
0
1
2/
1
9
94903
9492
6
94934
9
4
9
3
5
948
7
5
9
3
45
3
9
3454
94524
923
1
0/
1
53012/1
8
9
2
3
1
2
/1
923
1
2
/
2
9
231
3
9
231
4
9231
0
/
2
9493
3
9
4
90
5
93
456/
1
9490
6
94930
949
3
1
90029/7
9
4
9
3
2
9002
9
/
9
5301
2
/
1
3
9
4
888
9
4
9
0
7
94
904
94
90
8
94
9
36
9
4
9
09
949
39
948
9
4
94
9
40
9
231
5
92316
92
420
94883
94885
9488
6
92
418
92419
94929
92306
9
2
3
07
9
2
3
08
9230
9
5301
2
/15
9
4910
9
4
9
11
9
4
9
1
2
9491
7
94918
9
34
4
7
9
3451
92
4
17
/1
94
9
41
948
8
9
94
891
5
3
0
1
2/27
94882
94
8
93
949
0
1
9
4902
93527/
1
5301
2
/28
53
012
/30
9
488
4
9
3
339
9
4
887
98190
90083
98228
9
4
874
94
8
7
9
5
30
12/31
9
4
8
98
53012/32
925
18
/
1
94
899
9
2
518
/
2
9
4900
9
251
9
9
252
0
/
1
9241
1
9241
2
924
13
9
2
4
1
4/1
9
2
4
1
6
94223
/
1
94872
94
925
9
4924
94
8
73
94
89
5
9
4
8
96
9
4
897
9
4
8
81
948
92
9
24
1
0/1
93448/2
93449
934
5
0
93452
94920
94
922
9
492
3
9
334
1
9
2
40
7
93343/1
9
2
4
0
8
93343/2
9240
9
9
33
43/3
92410
92
31
7
93
4
57
93450/1
94927
9
25
2
2
/
1
934
6
0
92
5
2
4
5
3
0
1
2
92525/1
98213
98150
98149
98148
98
147
98
1
46
9
8145/1
98144
98143
98142/1
98139/2
98140
98137
98136
9813
9/1
9234
1
98138
94916
94
9
21
9
491
9
9
4
862
9
48
77
98190
9492
8
98151
94839
98152
98153
98
155
9
81
5
7
9
8
1
58
98160/1
9
8
1
61
9
00
2
9/
2
2
9
48
6
0
92
525
/13
94841
9
4
8
5
2
94
8
51
9
4
8
78
92
5
25/4
94
864
9
48
69
92525/9
94840
53012/2
5
94838
9
3
5
3
2
/
1
93532/2
93534/1
93533
9
35
31
9
3530
93
5
28
9486
7
94866
9
353
4/2
93536
94
981
9509
6
9
2525
/
6
92
5
2
5
/
7
90
0
29/26
9
0
0
2
9/35
94
9
80
94837
9
4
94
2
/1
90029/36
94836
55840
925
2
5/8
94836/1
94849
9
4835
94757
94944
9
4
7
58
94759
94
97
9
9
4850
94890
9
4
9
7
8
92525/10
9
49
4
2
94943
90029/20
92
5
25/
1
4
9
5088
90029/
2
1
9
2525/15
94870
9
487
1
9
4880
9
5
0
77
95076
95075
95080
95079
9
486
1
95074
94868
948
5
5
9
48
6
5
950
81
92525/1
1
9
4
8
5
6
9485
7
94
85
8
94
859
9
25
2
5
/1
2
92406
98191
94
2
23
/
4
98212
98211
98
22
5
/6
98210
9
5
0
7
7/1
9
8
20
9
98
2
08
98207
53012/2
6
9
4853
94854
9
8
2
0
6
/1
9
25
2
5/5
9
0
029/2
5
9
0
0
2
9/3
9
9
2
5
25
/3
92525/2
9
48
6
3
90029/23
90
0
29/24
94801
94806
94988
9
4
9
91
98
1
87
9499
1
/1
9
8
185/1
9
002
8
92529
/
7
98162
9
816
3
98164
9
00
2
9
/
5
9
8
181
94845
9
4760
9476
1
94762
9
476
3
9
48
4
4
9
4
9
4
6
94741
95
092
94
8
43
948
42
9
47
5
2
9475
3
9475
4
9
00
2
9
/
2
9
4982
95
0
8
5
94982/1
9
4
83
4
94982/2
9
48
33
95091
90
0
2
9
/
3
2
90
0
2
9/3
3
94847
90
0
2
9/3
4
9
4
828
90
029/
19
94829
94
83
2
90
0
29
/
16
90029
/17
9494
5
9
2404
92
4
03
9
0
0
29/29
90
0
2
9
/
30
9
4
8
2
2
90
0
2
9
/
31
94
8
48
9484
6
9
5
0
83
94807
9
48
23
94830
9
5
0
8
7
94831
95
0
86
94
750
95
0
84
9475
1
95082
90002/7
90002/8
9
0
0
2
9
/
3
7
90
0
2
9/3
8
9
4
80
8
9
4
748/
1
925
25
/1
6
9252
5
/17
92401
94821
94
990
94804
9
4
8
0
5
981
9
5
98197
94
98
5
981
9
4
/1
981
9
6
/1
98196/2
9
00
2
9
/
1
8
90029/27
98
2
04
98201
9
8
2
0
2
/
2
98202
/
1
9820
0
/2
9
0
029
/
1
5
90
0
2
9/4
9
0
02
9/
28
94802
94
8
03
9
47
4
9
/
1
94756
9
475
5
9498
7
9
4
98
6
9
4
74
9
9
4
9
84
94748
948
0
9
9
00
36
94
8
1
0
90001/11
94732
90037
9
4731
94811
9
8167
93
335
9002
9/
10
9
81
7
0/1
9
8
171
98172/1
9
8
173
98176/1
98178
923
5
0/1
98
179
9
8
180
9
8
182
98
174
/1
9333
6
90024
9002
5
9
4
740
94
7
33
94743
94744
90036/1
95093
95094
94734
94735
9
4745
94
7
4
2
947
2
6
94729
9
0
03
0
93336/1
9
33
35/
1
9003
1
9
472
2
94698
90002/1
9
0
08
3
9
0
0
2
9
/1
94736
9
0
0
3
2
94825
9
4
72
3
9
48
2
6
94746
9
4
7
37
94724
94812
94814
9
5
090
94
8
16
9
4818
9
50
8
9
900
02/6
9
4738
94824
900
3
3
90034
9481
7
925
69
925
6
6
947
4
7
94820
90
0
35
9
4
8
27
90026
9002
7
9
4819
94989
9481
5
9
2
5
71
92
570
90
08
2
9
0
0
82
/
1
90
04
1
9
0
0
56
92573
900
1
0
9
0
0
3
9
/
2
90042
9
00
0
9
/
2
9
2
5
72
90043
9
0
0
81
9
0
0
4
0/1
90022/2
90
01
5
9
4
813
90047
9004
4
90022
9
0
022/1
9
0
04
5
9
0
0
46
9
4727
9
0
039/3
90018
9
473
9
946
8
9
90
0
0
9
/1
9
00
09
92
5
7
4
9256
8
90040
90
0
37
/1
9
2
575
98126
Spitalhof
T
a
lstraße
Alter
 Weinberg
Spitalhof
Batzenhofweg
Reihenstraße
Kirchplatz
Hintere
 Spitalstraße
Am Vogelhäusle
Lindenstraße
Hirschweg
Batzenhofweg
Se
egasse
Rosengarten
T
al
straße
Batzenhofweg
K
ar
lsba
d
e
r
 
S
t
r
aße
Auf
 der
 Römerstraße
Stupfericher
 Weg
Am
 Th
omash
äusle
Pfefferäckerstraße
A
m
 Schle
i
f
we
g
P
a
l
m
b
ach
er
 Straße
Hint
erm
 Zaun
A
m
 Illw
i
g
Hinter
m
 Zaun
O
bere
 Gaß
Rieslingstraße
A
m
 Ha
n
g
Windelbachstraße
Silvanerstraß
e
Si
lva
ne
r
straße
Kar
ls
b
ader
 St
r
a
ße
Pa
l
mb
ac
her
 Straße
S
t
utenpfe
rc
hs
t
raße
Rul
änderstraße
K
arlsbader
 
S
traße
Stupfericher
 Weg
K
K
K
K
L
u
s
t
g
a
r
t
e
n
h
a
lle
Dachsbauweg
Schule im Lustgarten
Rückhaltebecken
Rückhaltebecken
Flurneuordnung Karlsruhe-Stupferich (A8)
Palmbach
Stupferich
A
 8
Grünwettersbach
Hohenwettersbach
64075
64054
64053
64057
64058
64069
64068
64012
64079
64066
64051
64082/3
64082/5
64082/1
64072
64082
64049
64082/4
64082/2
64071
98117/2
64078
64079
64076
64209
64055
64077
64070
64074
64073
64050
64067
64058
64064
Lindenstraße
94
35
4
98402
98398
98
3
84
983
85
Batzenhofwe
g
O
chsenstraße
Ochsenstraße
Ochsenstraße
O
c
hsenstraße
Lindens
traße
Batzenhofweg
Ochsenstraße
Ochsenstraße
Brunnenfeld
Igelseck
Brunnenfeld
Brunnenwiese
Am
 Hirsch
Dreispitz
Kantenbuckel
Kantenbuckel
Mittlere
 Hurenklamm
Ober
 dem
 Steinbacher
 Weg
Winterrot
Mittlere
 Hurenklamm
Über
 d
er
Hintere
 Hurenklamm
Hurenklamm
Vordere
Am
 neuen
 Weg
Birkenwäldle
Ober
 dem
 Wettersbacher
 Weg
Batzenhofwiese
Unter
 dem
 Wettersbacher
 Weg
Zennerklamm
Schneckenhardt
Ober
 dem
 Wettersbacher
 Weg
Unteres
 Batzenhoffeld
Oberes
 Batzenhoffeld
Am
 Schleifweg
Am
 Ettlinger
 Weg
Oberes
 Batzenhoffeld
Am
 alten
Igelseck
Am
 Welschenweg
Illwig
Am
 Welschenweg
Windelbach
Pfefflingen
Rippertäcker
Pfefferäcker
Rippertfeld
Am
 Thomashäusle
Lange
 Wittumäcker
An
 der
 Klam
Rippertäcker
Am
 Ettlinger
 Weg
Herrenweg
Rippertfeld
An
 der
Ochsenstraße
An
 der
Ochsenstraße
Ochsenstraße
beim
 Schleifweg
Ettlinger
 Weg
straße
Ochsen-
Ettlinger
 Forlen
Am
 Thomashäusle
Batzen
hofweg
Villa
 Maffei
Ochsenstraße
Gut
 Batzenhof
3
2
4
1
2.3
4.3
4.4
2.2
4.2
3.1
2.1
4.1
1.3
1.4
1.2
1.1
Nr.
Legende
Flurstück
Eigentümer
VerkehrssicherungspflichtUnterhalts-
 und
ThomashofwegBatzenhofwegWassergräbenOchsenstraße
2.34.31.34.41.42.24.21.2
BRD
 (Bundesstraßenverw.)
BRD
 (Bundesstraßenverw.)
98102/56407264002
3.12.14.11.1
von
 Maffei
von
 Maffei
von
 Maffei
von
 Maffei
von
 Maffei
Stadt
 Karlsruhe
Stadt
 Karlsruhe
Stadt
 Karlsruhe
Stadt
 Karlsruhe
Stadt
 Karlsruhe
Stadt
 Karlsruhe
Stadt
 Karlsruhe
von
 Maffei
von
 Maffei
von
 Maffei
von
 Maffei
von
 Maffei
Stadt
 Karlsruhe
Stadt
 Karlsruhe
Stadt
 Karlsruhe
Stadt
 Karlsruhe
Stadt
 Karlsruhe
Stadt
 Karlsruhe
Stadt
 Karlsruhe
6407064165640786405964071640086408198042/16407364079
3241
von
 Maffei
Stadt
 Karlsruhe
BRD
 (Bundesstraßenverwaltung)
Anlage
 8
GOLFANLAGE
 BATZENHOF
M
  1
 :
 10000
KARLSRUHE
PLAN
 NR.
95
VORHABENTRÄGER:CARLO
 BARON
 VON
 MAFFEI
ERBENGEMEINSCHAFT
 KÖGLER
BATZENHOF76227
 KARLSRUHE-HOHENWETTERSBACH
76228
 KARLSRUHE-HOHENWETTERSBACH
SPITALHOF
 1
BEARBEITETGEZEICHNETDATUMGEÄNDERTPLANGR.
W
W/W
42/30
29.11.12
VORHABENBEZOGENEN
 BEBAUUNGSPLAN
ERGÄNZENDE
 DARSTELLUNG
 ZUM
VORHANDENE WEGE UND GEWÄSSER
FREIER
 LANDSCHAFTS-ARCHITEKT
ECHTERDINGER
 STR.
 111,
 70794
 FILDERSTADT
TEL.
 0711/703085,
 FAX
 0711/703086
BEARBEITUNG:
PLANUNGSBÜRO
 REINHOLD
 WEISHAUPT
15.09.15
VERKEHRSSICHERUNGSPFLICHTUNTERHALTS-
 UND
N
S

A
 8
A
 8
K
 9652
A
 8
K
 9652
A
 8
A
 8
A
 8
L
 
6
23
A
8
A
 8
L
 
6
2
3
K
 96
5
3
A
 8
A
 8
9
653
9
6
5
3
96
5
3
9653
5
3
01
2
/2
9
9
81
84
97035/1
98408
81
5
28
8
152
3
9
8
1
6
8
97036
9
4
55
6
984
0
4
98001/1
80786
75074
93269
9
3
270
93271
9
353
7
98382
5
30
12
/
8
8
174
8
81
749
817
50
81
7
51
9
456
3
97037
8
0042
/
6
9
00
0
8
7
0
1
2
2/1
90052/2
9
005
5
/1
98383/1
75250/
4
8
1
51
9
5
3
0
12
/20
98383
53012/21
98864/1
8
1
841
5
301
2
/10
5
3
012/1
9005
2
/
1
90055/2
800
36
94
977
9
4
7
28
94
7
1
5
97092
97029
8
0
03
7
90029/1
9
360
7
9
3
612
936
1
3
81764
80
0
38/
1
9
3538
9
0014
8003
8
9362
1
9362
2
53012/3
3
936
25
75070
55839
75228
9
0
084
90
08
0
9
4557
98235
817
79
81780
81781
7522
9
8
17
82
53012/7
90002/5
90
00
2/4
53012/16
9
7038
9004
8
97032
92350/2
90
0
11
9
42
23/3
97069
9472
5
98198
97035
9
8
2
0
0/1
98
1
9
9
/1
9
4
993
94992
8
0048
8
0
786/1
7
5
2
52
98405
80
0
8
1
81763
97046
97047
98051
98
299/
1
97055
97056
97057
97080/1
97050
97043/1
97049
97043
97009
9
8
043
75045
98
102/5
98383
97051
75228
97093
7507
3
98104/42
98104/41
75229
98102/2
98242
97052/1
98102/4
97053/1
97059
97061
98051/1
97006
98001/10
98302/3
75073
98001
97008
97019
75228
9700
4
98302
97062
97063
97065
97062/1
98369
9
70
54
/1
970
03
75072
98302
/4
98302
/
2
98117/3
97041
97042/1
97080
97001/1
97010
97053
98104/13
97066
97067
97042
98102/1
97039
97068
97070
98399
97048
97040
9
8
4
0
7
98278
98279
98280
98287
98298
98249
98274
98275
98299
98251
98358
98250
98252
98277
98284
98359
98102/
5
9828
5
98286
98253
98360
98361
98276
98254
98255
98368
983
70
98362
983
00
98354
98294
98295
98
367
98291
98292
98371
98372
98
366
98355
98104/26
9828
9
98409
98356
98357
98297
98363
98296
98246
98245
98283
750
73
9
8
2
8
8
98293
98290
98301
75045
97045
98298/
1
98302/1
9828198
28
2
98365
98364
8
004
2
/5
80
04
2/
1
81769/1
8
1
7
69
94
35
3
80
0
4
2
/7
8
1
5
1
8
8
0
0
80
8
1
5
16
/
1
8
1
5
1
6
/
2
81768/1
8
1516/5
8
1
734
8
0
0
0
1
75
045
800
42
/2
8184
3
94523/1
8
1059
/
1
81738
817
3
9
8174
0
817
4
1
815
3
0
81
84
6
8
1
5
2
9
94353
81737
8
1
7
6
5
8
000
1
8
1
7
4
7
81842
94523/
1
8
1
8
45
80
0
4
2
/
8
8
1
735
8173
6
81
5
1
6
8
184
4
8
0
0
7
7
8176
6
/
1
943
53
800
7
8
81
5
1
6/4
9452
3
/1
81766/2
8
0
042
/
3
8
1
76
6
817
6
8
81059
8
0079
8
17
6
7
8078
4
8
0
0
4
2/4
81
7
70/1
81770
81771
807
8
3
81776
80039
80784/1
817
7
2
81773
8
10
6
1
81
777
81777/1
8
1
7
7
8
810
5
9/3
81778/1
8
1777/
4
817
7
8/
2
81779/2
81780/2
9
5
137
81777
/3
9
5
1
3
8
817
72/
1
81763/1
8
004
1
8
00
4
0
81
745
8
1
5
16
/
3
8174
2
8
17
43
81744
81
5
17
94483
94
483
/1
94
484
8
1780/
1
94
485
9
445
6
9
29
1
6
94552
9
455
3
9
2
6
8
6
9
4554
92687
9
4424
92689
9
269
0
/1
9269
3
/
1
92
9
1
7
926
9
3
/
2
9
4
3
75
92
6
9
5
9
2
6
7
0
9
26
71
92
669
94
5
24
/
2
9
2
66
5
/1
94452
9
4453
94
45
4
9445
5
92927
9
29
2
8
9292
9
92
6
6
8
9
2
89
1
9
2
920
9
2
89
2
92
922
928
93
92
923
9
2924
929
2
5
92
9
26
9
45
5
5
9511
7
9
5
1
1
2
/1
8
1
7
7
6/2
9
2
8
54
8
1776/
3
81
763
817
6
4
92667
94376
94377
9
4
37
8
9
4
466
9
2
67
9
9
2
680
9268
1
926
6
2
/
2
9
2
6
8
2
9
2
6
6
2
/
3
926
8
3
9
2
6
63
92
6
8
5
/
1
9
4523/1
9437
9
9
4
3
8
0
94
38
1
9
4
38
2
9
43
83
9
4
38
4
94523/1
9
2
9
1
2/
1
9291
3
92
915
92918/1
944
65
9
29
18/
2
9
2
9
1
9
94
5
5
0
9
4
551
9266
4
9
4
3
75
92
6
5
9
9266
0
92662/1
9
2
661
92674
9267
5
92676
9
2
93
0
92
931
9
26
5
6
92
9
3
3
9
2
6
5
8
92
93
4
9
4
4
24
92
9
35
92906
929
3
6
92907
94546
9
2
9
0
8
94
548
92
9
09
9
2
9
10
9291
1
926
77
92678
94464
9
4
4
7
2
/
1
9
4
473
/
1
9
447
5
/1
944
7
6/1
9
447
7
/
1
9
26
9
8
94549
9
26
9
6
94374
9
4
473
9
4475
94
4
77
94
5
5
7
/2
9
4
5
2
4/1
9
44
76
92653
8
1
7
76/1
92654
817
77
/
5
9265
5
8
1
77
7
/2
8177
9/
1
94557/1
9269
9
92700
927
01/
1
92701/2
8
1
7
8
1
/1
92
9
00
92901
92902
9
2
90
4
9
4
4
6
7
9
4385
9
2905
9
4
46
8
94386
94387
9
4
3
8
8
9446
0
9
446
1
944
62
9446
3
9
513
6
9513
5
95134
95
1
3
3
95132
95
131
95130
9512
9
92702
951
28
9
4
3
92
9
2
7
04
/1
9
5127
92
7
06
9
5126
9
4
3
89
927
07
95115/1
943
90
951
14
94469
9
439
1
9512
5
951
2
4
9
4
4
70
95
1
23
944
71
951
2
2
9
4
472
95121
9
5
12
0
94558
951
1
6
95113
95115
9
4
5
23
94
5
2
5
94
5
2
4
9
26
51
/
1
95112
9
452
2
95
1
18
94
3
93
9
44
78
9
43
94
944
63
9
4
395
9
28
9
5
94
3
9
6
92896
94
3
97
92
897
943
9
8
9
28
9
8
943
9
9
9
28
99
81
77
4
9
44
57
9
4
458
9
4459
9
4
523/2
944
7
9
9
44
8
0
94
481
94
4
82
817
75
81775/1
92
6
9
4
95119
94557
9
4
403
92341
/
1
944
04
94
40
5
9
4406
92861
9
28
6
1/1
94
40
7
9286
2
9440
8
9
28
6
3/1
928
6
5
9452
8
9
452
9
93425
9
3427
944
9
4
9
44
95
9
44
96
9
44
9
7
944
9
8
9
2622/1
944
1
0
944
11
94
40
9
94
49
9
9
4
5
00
92856
94501
92858
9
4
3
7
5
9
4502
9285
9
945
03
92860
9
2855
92854
94560
92621
92714
9
2
71
5
9
2716
944
4
3
92
620
94
44
4
9
4
44
5
9
4
44
6
94
44
8
9
44
49
94
45
0
9
4
4
51
9
273
9
/1
92
73
9/
2
9
274
0
92741
9
274
2
94
44
7
9
45
63
9
2
6
1
3
9
2
6
1
6
9
2617
94530
926
19
945
2
5
9
4523
926
0
9
92
6
11
92
6
12
92881/
1
9
2
882/
1
92
7
17
9271
8
9
2719/1
9
2
719/2
9
2
7
2
0
92
7
2
1
944
27
9
442
8
9
4
4
29
927
4
3
92879
/
2
92883
9
3428
92884
94526
92
8
85
9
28
88
/
1
9289
0
94
4
4
0
94
44
1
94
44
2
9
2
7
44
92
745
92
746
92
7
47
9
27
48
94
4
36
94437
9443
8
944
39
944
12
9441
3
944
14
94415
944
15
/1
94486
9
27
11
9
4
4
8
7
92
712
94488
92712/1
9
2
6
4
5
9
44
89
9
27
13
9
2
6
4
6
92647/1
92648
9
4430
9
44
31
9
443
2
94
4
33
9
4
4
3
4
98125/5
9
4435
9
2874/2
9287
5
92876
9
28
7
8
928
7
9
/1
94
49
1
94
49
2
94
4
90
9264
0
9
2
64
1
92642
92643
9
26
3
8
92
639
92727
92728
92
7
2
9
9
273
0
9
452
4
92722/1
9
275
3
92724
9
2
7
5
4
9
27
2
5
9
2
756
9
2726
9
27
58/
1
9274
9
9
275
1/
1
94
5
27
9450
4
92854
9
45
42
94543
9
24
5
6/
1
945
4
4
92458
/
1
94545
9
2
4
59
92
4
60
92
636/1
9263
6
/2
92637
92760
92763
9
2
7
6
4
945
05
945
06
945
07
92
63
3/1
9
2
45
3
9
2
4
5
4
927
32
92
733
9
2
734
92
735
92736
9
2
7
37
9
2738
9
4541
926
2
7
92628
92
6
29
92631
/
1
92632
945
36
94537
94
53
8
9
45
39
9
4
5
4
0
928
6
6
/
1
92868
9
28
6
9/1
92
7
0
8
9
2
86
9/2
9270
9
9
2870
9
27
1
0
928
7
3
92871
9
2
87
2
92874/1
9
455
9
94
4
2
4
92894
94531
9
2623
94
5
32
94493
92
485
92624
94533
92
857
/1
9262
5
94534
928
5
7/2
94
53
5
9
4
547
945
2
2
9
2
6
2
2
/2
9
44
0
0
9
4
40
1
94
402
9
2
4
36
9
2
4
3
7
9
2
4
3
9/
1
92
43
9/2
9
2
439/
3
93348/1
92291
9
2292
9
229
3
9
2
294
93
3
4
7
92
4
8
4
94914
92484
/
1
9
334
4
94915
9
2
48
7
9
3
3
4
5
92488
933
46
92489
9
442
3
9
2
490
92442
98125/4
93437
93361
94
5
2
4
93
362
93
3
63
9
3
3
6
4
9
3
3
65
9336
6
/1
93367
934
3
8
924
69
92
4
70
9
24
7
1
92593
93366/2
9
2
59
4
92443/4
9
24
4
3/3
92
4
4
4
924
4
5
9
2
4
46
/
1
92426
925
0
5
94
522
924
25
922
9
5
924
78
9
2
29
6
94512
92479/1
9229
7
94
5
13
92
47
9/2
93
2
66/1
922
98
94
5
14
9
2
4
81
9
3
266/2
92299
/
1
92
4
82
93267
92
3
02
9
2
483
932
6
8
92423
924
24
93441
9
3
44
2
9
2607
9
2
608
9
24
2
2
92
421
9
437
5
9
8135
93443/2
93
4
4
6
9
3
4
4
4/1
92501
9
2
4
5
1
/1
9
2
5
0
2
9
2
4
5
2
9
2
4
5
2
/1
94
4
25
92303
94
4
26
9
2466
92
3
05/
1
94
424
9
3
3
58
9
33
5
9
9
3
36
0
9
343
0
92491/1
92491/3
93
4
3
0/1
9
2
4
95
93
431
93
43
3
9
34
34
93
4
3
5
981
34
92491/2
98
133
934
2
9
92
5
06
92
5
07
9
2
5
0
9
9
2
51
4
925
1
5
94913
9
2
59
3
92496
933
57
92497
93
4
41/1
92449
9
3
44
2
/
1
9
2
45
0
9
2
451
9
2446
/2
9
2447
924
4
8
981
32
98125/3
9
2
473
9
247
4
9244
3
/2
92476
9
24
7
7
93340
9
3
6
08/
1
9
260
3
9
3610
9260
5
/
1
94
41
6
9
3611
9441
7
944
1
8
92604
9442
0
98125/3
94
4
21
9
45
1
5
9
3
4
4
7/
1
9
45
1
6
9
3
6
2
8
93630
9
3
4
40
92
60
2/
1
9
3
443/3
933
7
3/2
92472
9
3
377
94423/1
924
6
1
9
3374
92432
9243
3
/1
92
434
9337
5
9
3
4
4
4
/
2
93
4
46/1
92433/2
9
3
378
9260
1
9
2
60
2
9
3448
/
3
93
4
49/
1
93
3
43/4
93
3
43/
5
94517
98125/1
98125/2
9
25
99
926
0
0
94
5
18
94523
9
4519
94
4
22
92462
924
6
3
92464
9246
5
9
2
4
6
7
92
4
68
93368
93369
92430
93370
92431
926
05
93354
9
3
355
98225
94520
92427
92428
/1
94
5
08
9
45
09
9
4
5
2
1
94
510
9
4
511
98
145
9259
6
/1
92
5
98
9
3371
93372/1
9
3372/2
9
33
73
/
1
933
4
8/2
9335
6
9
3
3
49
9
2
4
35/1
9
2
435/2
9343
6
98
131
936
2
9
9
2288
92
2
89
92290
9
8
1
30
93615
93
6
16/1
9
3619/1
9362
0
92499
92500
9
25
0
3
92
5
0
4
92
498
9251
6
92517
94876
94937
9
4
9
3
8
98190
53
0
1
2/
1
9
94903
9492
6
94934
9
4
9
3
5
948
7
5
9
3
45
3
9
3454
94524
923
1
0/
1
53012/1
8
9
2
3
1
2
/1
923
1
2
/
2
9
231
3
9
231
4
9231
0
/
2
9493
3
9
4
90
5
93
456/
1
9490
6
94930
949
3
1
90029/7
9
4
9
3
2
9002
9
/
9
5301
2
/
1
3
9
4
888
9
4
9
0
7
94
904
94
90
8
94
9
36
9
4
9
09
949
39
948
9
4
94
9
40
9
231
5
92316
92
420
94883
94885
9488
6
92
418
92419
94929
92306
9
2
3
07
9
2
3
08
9230
9
5301
2
/15
9
4910
9
4
9
11
9
4
9
1
2
9491
7
94918
9
34
4
7
9
3451
92
4
17
/1
94
9
41
948
8
9
94
891
5
3
0
1
2/27
94882
94
8
93
949
0
1
9
4902
93527/
1
5301
2
/28
53
012
/30
9
488
4
9
3
339
9
4
887
98190
90083
98228
9
4
874
94
8
7
9
5
30
12/31
9
4
8
98
53012/32
925
18
/
1
94
899
9
2
518
/
2
9
4900
9
251
9
9
252
0
/
1
9241
1
9241
2
924
13
9
2
4
1
4/1
9
2
4
1
6
94223
/
1
94872
94
925
9
4924
94
8
73
94
89
5
9
4
8
96
9
4
897
9
4
8
81
948
92
9
24
1
0/1
93448/2
93449
934
5
0
93452
94920
94
922
9
492
3
9
334
1
9
2
40
7
93343/1
9
2
4
0
8
93343/2
9240
9
9
33
43/3
92410
92
31
7
93
4
57
93450/1
94927
9
25
2
2
/
1
934
6
0
92
5
2
4
5
3
0
1
2
92525/1
98213
98150
98149
98148
98
147
98
1
46
9
8145/1
98144
98143
98142/1
98139/2
98140
98137
98136
9813
9/1
9234
1
98138
94916
94
9
21
9
491
9
9
4
862
9
48
77
98190
9492
8
98151
94839
98152
98153
98
155
9
81
5
7
9
8
1
58
98160/1
9
8
1
61
9
00
2
9/
2
2
9
48
6
0
92
525
/13
94841
9
4
8
5
2
94
8
51
9
4
8
78
92
5
25/4
94
864
9
48
69
92525/9
94840
53012/2
5
94838
9
3
5
3
2
/
1
93532/2
93534/1
93533
9
35
31
9
3530
93
5
28
9486
7
94866
9
353
4/2
93536
94
981
9509
6
9
2525
/
6
92
5
2
5
/
7
90
0
29/26
9
0
0
2
9/35
94
9
80
94837
9
4
94
2
/1
90029/36
94836
55840
925
2
5/8
94836/1
94849
9
4835
94757
94944
9
4
7
58
94759
94
97
9
9
4850
94890
9
4
9
7
8
92525/10
9
49
4
2
94943
90029/20
92
5
25/
1
4
9
5088
90029/
2
1
9
2525/15
94870
9
487
1
9
4880
9
5
0
77
95076
95075
95080
95079
9
486
1
95074
94868
948
5
5
9
48
6
5
950
81
92525/1
1
9
4
8
5
6
9485
7
94
85
8
94
859
9
25
2
5
/1
2
92406
98191
94
2
23
/
4
98212
98211
98
22
5
/6
98210
9
5
0
7
7/1
9
8
20
9
98
2
08
98207
53012/2
6
9
4853
94854
9
8
2
0
6
/1
9
25
2
5/5
9
0
029/2
5
9
0
0
2
9/3
9
9
2
5
25
/3
92525/2
9
48
6
3
90029/23
90
0
29/24
94801
94806
94988
9
4
9
91
98
1
87
9499
1
/1
9
8
185/1
9
002
8
92529
/
7
98162
9
816
3
98164
9
00
2
9
/
5
9
8
181
94845
9
4760
9476
1
94762
9
476
3
9
48
4
4
9
4
9
4
6
94741
95
092
94
8
43
948
42
9
47
5
2
9475
3
9475
4
9
00
2
9
/
2
9
4982
95
0
8
5
94982/1
9
4
83
4
94982/2
9
48
33
95091
90
0
2
9
/
3
2
90
0
2
9/3
3
94847
90
0
2
9/3
4
9
4
828
90
029/
19
94829
94
83
2
90
0
29
/
16
90029
/17
9494
5
9
2404
92
4
03
9
0
0
29/29
90
0
2
9
/
30
9
4
8
2
2
90
0
2
9
/
31
94
8
48
9484
6
9
5
0
83
94807
9
48
23
94830
9
5
0
8
7
94831
95
0
86
94
750
95
0
84
9475
1
95082
90002/7
90002/8
9
0
0
2
9
/
3
7
90
0
2
9/3
8
9
4
80
8
9
4
748/
1
925
25
/1
6
9252
5
/17
92401
94821
94
990
94804
9
4
8
0
5
981
9
5
98197
94
98
5
981
9
4
/1
981
9
6
/1
98196/2
9
00
2
9
/
1
8
90029/27
98
2
04
98201
9
8
2
0
2
/
2
98202
/
1
9820
0
/2
9
0
029
/
1
5
90
0
2
9/4
9
0
02
9/
28
94802
94
8
03
9
47
4
9
/
1
94756
9
475
5
9498
7
9
4
98
6
9
4
74
9
9
4
9
84
94748
948
0
9
9003
6
94
8
1
0
90001/11
94732
90037
9
4731
94811
9
8167
93
335
9002
9/
10
9
81
7
0/1
9
8
171
98172/1
9
8
173
98176/1
98178
923
5
0/1
98
179
9
8
180
9
8
182
98
174
/1
9333
6
90024
9002
5
9
4
740
94
7
33
94743
94744
90036/1
95093
95094
94734
94735
9
4745
94
7
4
2
947
2
6
94729
9
0
03
0
93336/1
9
33
35/
1
9003
1
9
472
2
94698
90002/1
9
0
08
3
9
0
0
2
9
/1
94736
9
0
0
3
2
94825
9
4
72
3
9
48
2
6
94746
9
4
7
37
94724
94812
94814
9
5
090
94
8
16
9
4818
9
50
8
9
900
02/6
9
4738
94824
9
00
33
90034
9481
7
925
69
925
6
6
947
4
7
94820
90
0
35
9
4
8
27
90026
9002
7
9
4819
94989
9481
5
9
2
5
71
92
570
90
08
2
9
0
0
82
/
1
90
04
1
9
0
0
56
92573
900
1
0
9
0
0
3
9
/
2
90042
9
00
0
9
/
2
9
2
5
72
90043
9
0
0
81
9
0
0
4
0/1
90022/2
90
01
5
9
4
813
90047
9004
4
90022
9
0
022/1
9
0
04
5
9
0
0
46
9
4727
9
0
039/3
90018
9
473
9
946
8
9
90
0
0
9
/1
9
00
09
92
5
7
4
9256
8
90040
90
0
37
/1
9
2
575
98126
Spitalhof
T
a
lstraße
Alter
 Weinberg
Spitalhof
Batzenhofweg
Reihenstraße
Kirchplatz
Hintere
 Spitalstraße
Am Vogelhäusle
Lindenstraße
Hirschweg
Batzenhofweg
Se
egasse
Rosengarten
T
al
straße
Batzenhofweg
K
ar
lsba
d
e
r
 
S
t
r
aße
Auf
 der
 Römerstraße
Stupfericher
 Weg
Am
 Th
omash
äusle
Pfefferäckerstraße
A
m
 Schle
i
f
we
g
P
a
l
m
b
ach
er
 Straße
Hint
erm
 Zaun
A
m
 Illw
i
g
Hinter
m
 Zaun
O
bere
 Gaß
Rieslingstraße
A
m
 Ha
n
g
Windelbachstraße
Silvanerstraß
e
Si
lva
ne
r
straße
Kar
ls
b
ader
 St
r
a
ße
Pa
l
mb
ac
her
 Straße
S
t
utenpfe
rc
hs
t
raße
Rul
änderstraße
K
arlsbader
 
S
traße
Stupfericher
 Weg
K
K
K
K
L
u
s
t
g
a
r
t
e
n
h
a
lle
Dachsbauweg
Schule im Lustgarten
Rückhaltebecken
Rückhaltebecken
Flurneuordnung Karlsruhe-Stupferich (A8)
Strom
Strom
Strom
Strom
Strom
Strom
Strom
Strom
Gas
Gas
Gas
Wasser
Abwasser
ENBW
 110
 kV
Hohenwettersbach
Palmbach
Stupferich
A
 8
Grünwettersbach
64075
64054
64053
64057
64058
64069
64068
64012
64079
64066
64051
64082/3
64082/5
64082/1
64072
64082
64049
64082/4
64082/2
64071
98117/2
64078
64079
64076
64209
64055
64077
64070
64074
64073
64050
64067
64058
64064
Lindenstraße
94
35
4
98402
98398
98
3
84
983
85
Batzenhofwe
g
Ochsens
t
raß
e
Ochsenstraße
Ochsenstraße
O
c
hsenstraße
Lindens
traße
Batzenhofweg
Ochsenstraße
Ochsenstraße
Palmbach
Stupferich
Hohenwettersbach
Stupferich
Stupferich
Hohenwettersbach
210
220
220
220
220
220
220
220
230
230
230
230
230
230
230
230
230
230
230
230
230
230
230
230
240
240
240
240
240
240
240
240
240
240
240
240
240
240
240
240
240
240
240
240
240
240
240
250
250
250
250
250
250
250
250
250
250
250
250
250
250
250
250
250
250
250
250
250
250
250
250
250
260
260
260
260
260
260
260
260
260
260
260
260
260
270
270
270
270
270
270
270
270
270
220
260
Oberes
 Batzenhoffeld
Rippertäcker
Über
 d
er
straße
Ochsen-
Brunnenfeld
Igelseck
Brunnenwiese
Dreispitz
Kantenbuckel
Kantenbuckel
Ober
 dem
 Steinbacher
 Weg
Winterrot
Mittlere
 Hurenklamm
Am
 neuen
 Weg
Birkenwäldle
Ober
 dem
 Wettersbacher
 Weg
Unter
 dem
 Wettersbacher
 Weg
Ettlinger
 Forlen
Zennerklamm
Schneckenhardt
Ober
 dem
 Wettersbacher
 Weg
Am
 Schleifweg
Am
 Ettlinger
 Weg
Am
 alten
Igelseck
Am
 Welschenweg
Illwig
Am
 Welschenweg
Windelbach
Pfefflingen
Pfefferäcker
Rippertfeld
Am
 Thomashäusle
Lange
 Wittumäcker
An
 der
 Klam
Rippertäcker
Am
 Ettlinger
 Weg
Herrenweg
Rippertfeld
An
 der
Ochsenstraße
An
 der
Ochsenstraße
Ochsenstraße
beim
 Schleifweg
Ettlinger
 Weg
Am
 Thomashäusle
Batzen
hofweg
Batzenhofwiese
Ochsenstraße
Hurenklamm
Vordere
Oberes
 Batzenhoffeld
Feldlerchenfenster
Unteres
 Batzenhoffeld
Gut
 Batzenhof
Mittlere
Hurenklamm
Villa
 Maffei
Hintere
 Hurenklamm
Vorhandenes
 Regenrückhaltebecken
EZG
 3
EZG
 2
EZG
 1
an
 Mischwasserkanal
 in
 Straße
 "Rosengarten"
Anschluss
 Schmutzwasserkanal
 Batzenhof
Wegquerung
 als
 Furt
Ausbildung
 als
 flache,
 breite
 Mulde
Querung
 Hochwasserentlastung
 /
 Zufahrtsweg
Größe
 ca.
 20
 m², Tiefe
 ca.
 1,0
 -
 1,5
 m
Flut-
 und
 Versickerungsmulde
Fläche
 mit
 Dränage
Regelentwässerung
 Grüns
 und
 Sandbunker
Spielrichtung
Grün
Bunker
Sammler
 NW80
Flut-
 und
 Versickerungsmulde
Flut-
 und
 Versickerungsmulde
Größe
 ca.
 20
 m², Tiefe
 ca.
 1,0
 -
 1,5
 m
Regelentwässerung
 Abschläge
Sammler
 NW80
Spielrichtung
Grenze
 Golfanlage
Vorhandene
 Wassergräben
SchmutzwasserkanalTeiche
Vorhandene
 vorgeprägte
 Abflussbahnen
Wassermulde
 (Auffanggraben)
Größe
 ca.
 500
 -
 800
 m², Tiefe
 ca.
 2,0
 m
Einzugsgebiete
 1 bis
 3
Trockenmulden
Legende
EZG
Anlage
 10
GOLFANLAGE
 BATZENHOF
M
  1
 :
 10000
ENTWÄSSERUNG
KARLSRUHE
PLAN
 NR.
97
VORHABENTRÄGER:CARLO
 BARON
 VON
 MAFFEI
ERBENGEMEINSCHAFT
 KÖGLER
BATZENHOF76227
 KARLSRUHE-HOHENWETTERSBACH
76228
 KARLSRUHE-HOHENWETTERSBACH
SPITALHOF
 1
BEARBEITETGEZEICHNETDATUMGEÄNDERTPLANGR.
W
W/W
42/30
16.12.13
VORHABENBEZOGENEN
 BEBAUUNGSPLAN
ERGÄNZENDE
 DARSTELLUNG
 ZUM
ENTWÄSSERUNG
FREIER
 LANDSCHAFTS-ARCHITEKT
ECHTERDINGER
 STR.
 111,
 70794
 FILDERSTADT
TEL.
 0711/703085,
 FAX
 0711/703086
BEARBEITUNG:
PLANUNGSBÜRO
 REINHOLD
 WEISHAUPT
15.09.15
N
S

A
 8
A
 8
K
 9652
A
 8
K
 9652
A
 8
A
 8
A
 8
L
 6
23
A8
A
 8
L
 623
K
 96
53
A
 8
A
 8
9653
9
6
53
9
653
9653
5
3
0
12
/2
9
98184
97035/1
9840
8
8
1
52
8
8
1523
9
81
6
8
97036
94
5
56
98
4
0
4
98001/1
80
7
86
75
074
93
2
6
9
9
3
2
7
0
93271
9
3537
9838
2
5
30
1
2
/
8
81748
81749
8
1
7
50
8
1
75
1
9
4
563
9
7037
800
4
2
/
6
9
0
0
0
8
70
1
22/
1
90052/2
90055/
1
983
8
3/1
75250/4
8
1
5
1
9
53
0
12/
20
98
383
530
12
/21
9
8
86
4
/1
818
4
1
5
3
0
12
/10
5
3
012/1
90
052/1
90
0
5
5
/
2
80
0
3
6
94
977
9
4728
94715
97092
9702
9
8
0037
9
0029/1
9
36
0
7
93
61
2
9
36
13
8
1764
8
0
0
3
8
/
1
9
3
538
90014
8
0
0
3
8
9
36
2
1
93
62
2
5301
2
/
3
3
936
2
5
75070
5
58
3
9
75228
90
084
90
0
8
0
9
4557
98235
8
1
7
7
9
81
7
8
0
8
1
7
8
1
75229
81782
53012/7
90002/5
9
0
00
2
/4
53012/1
6
97038
900
48
970
32
92350/2
9
0011
94223/3
97069
94725
9819
8
97035
98
20
0/1
98
1
99/
1
9
4
993
94992
80
04
8
8
0
786
/
1
75252
98405
80
0
8
1
8
1
7
63
9704
6
9704
7
98051
982
9
9/1
97055
97056
97057
9
7
080/1
9
70
50
97
043/1
9704
9
97043
97009
98043
7
504
5
98102/5
9
8383
9
7
051
75228
97093
75073
9
81
0
4/42
98
1
04/41
75229
9
8
1
0
2
/2
9
8
2
42
97052/1
98102/4
970
53
/
1
97059
97061
98
0
51/1
97006
98001/
10
98302/
3
75073
9
8001
97008
97019
752
28
9
7
00
4
98302
97062
97
063
97065
97062/1
9836
9
9
7
0
5
4
/1
97003
75072
9
8302/4
98302/2
98117/3
970
4
1
9
7042/1
97
0
8
0
9700
1/1
970
10
9
7053
9
8
10
4
/13
97066
97
0
6
7
970
4
2
9
8
102/1
97039
97068
97070
98399
97048
9
7
0
4
0
9
8
4
0
7
98278
98279
98
280
98
2
87
98298
98249
982
74
98275
9
8
2
99
98251
983
5
8
9
8
250
9
8
2
52
98277
9
8284
983
5
9
98102
/5
982
8
5
98286
98253
9
83
60
98
3
61
98276
98
2
54
9
8
25
5
98368
98370
9
8
36
2
98300
9
8
3
5
4
9829
4
98295
98367
98291
98
2
92
98
371
98372
98366
98355
9
8104/26
98
28
9
98409
98
3
56
98357
98297
983
6
3
98296
9
8
2
46
98245
98
2
83
75073
98
2
8
8
9
8293
98290
9
8301
75045
97
0
4
5
982
9
8
/
1
98302/1
9828
1
98282
98365
98364
80
0
4
2
/5
8
0
042
/
1
81
7
69
/
1
81769
94
3
5
3
80
0
4
2
/7
8
1
5
1
8
80
0
80
8
1
5
1
6
/
1
81516
/
2
81
7
6
8
/
1
81
516/
5
81
7
34
800
01
75
045
8
0
0
42
/
2
81
84
3
945
23/
1
81
0
59/1
817
3
8
81
739
81
7
4
0
8174
1
8
1
5
3
0
8
18
4
6
8
1
5
2
9
9
4353
817
37
8176
5
8
0
0
0
1
81747
81842
945
2
3
/
1
8
18
45
8
00
4
2
/8
8
1735
8
1
736
815
1
6
81
844
8
0
0
7
7
81
7
6
6
/
1
9
43
5
3
8
0
0
78
8
15
1
6
/4
94523/1
81766/2
80
042/3
81766
817
68
8105
9
8
0
0
7
9
81
7
6
7
8
0
7
84
8
0
0
4
2
/4
81770/1
81
7
70
817
71
8
0783
81776
800
39
807
84
/
1
8
1
7
7
2
81
7
73
81
0
61
8
17
7
7
8
1
7
7
7
/1
8
1778
81059/3
8
17
7
8/1
81
7
77
/4
81
7
78
/
2
8177
9
/2
8
17
8
0/2
9
5
1
3
7
81777/3
9
5
1
3
8
8
1
7
7
2
/
1
81763/1
8
00
4
1
8
0
0
40
8
1745
8
1
5
16
/3
8
17
42
817
4
3
81
7
44
8
1
5
1
7
94483
9
4
483/1
94
4
84
81
7
80/
1
94
4
85
94456
92
9
16
9
4
5
5
2
9
45
5
3
9
26
86
94554
9
2687
94424
9
26
89
9
269
0
/
1
9
2
6
9
3
/1
92
917
92693/2
94375
92695
9
2
670
9
2
6
7
1
926
6
9
94
5
24/2
926
6
5/1
9
4
4
5
2
9
4
4
5
3
9
4
45
4
944
5
5
9
2927
92928
92929
9
2
66
8
928
9
1
92920
9
2
8
92
9
29
22
92893
9
2
9
2
3
9
292
4
9
2925
92926
945
5
5
9
51
1
7
95
1
1
2
/
1
8
1
77
6
/
2
9
2
8
54
8
1776/3
81
7
6
3
8
17
6
4
9
26
6
7
94
376
94377
94
378
9
446
6
9
2
67
9
9
2
680
9
26
8
1
9
2662/
2
92
6
82
926
6
2
/
3
926
8
3
926
6
3
9
2
68
5
/1
945
2
3/
1
9
437
9
94
3
8
0
9
43
8
1
94
3
82
9
4
3
8
3
9
43
84
9
4
523
/
1
9
2
9
12
/
1
92
9
13
9
29
15
9
29
1
8/
1
9
44
65
9
29
1
8
/
2
9291
9
9
4
55
0
9
45
51
9
26
64
94375
926
59
9
266
0
92
6
62/
1
9
2
6
61
9267
4
9
2
6
75
92
6
7
6
92
930
9
2
9
3
1
9
2
65
6
92933
9
2658
9
29
34
94
4
24
92
935
92
9
06
9
2936
92907
94546
92
90
8
9454
8
92909
9
2
9
10
9
2
9
11
926
7
7
9
2678
94464
94
472
/1
9
4
4
7
3
/1
9
4
475/1
9
4
47
6/1
9
4477/1
92698
9
4
54
9
92
696
943
7
4
9
44
7
3
9
4
4
7
5
9
44
77
94
5
57/2
9
4
5
24
/1
9
447
6
92
6
53
81
77
6
/
1
92654
8
1
7
7
7/5
926
55
81
7
7
7
/2
81
779
/1
9
45
57/
1
9
26
99
9
2700
9
2
7
01
/
1
9
2701/
2
81
7
8
1/
1
92900
9
2
901
9
29
02
92904
944
6
7
9438
5
9
2
905
9
4
468
94386
94
387
9
4
3
8
8
94
460
94
461
94462
9446
3
951
3
6
95135
9
5134
9
5
1
33
95132
9513
1
9513
0
9
51
2
9
92702
95
128
94
3
92
92
7
04
/
1
9
5
12
7
92
7
06
95
12
6
9
4
3
8
9
92
707
95115/1
94
39
0
9
5114
94
469
9
4
3
9
1
95
12
5
9
5
124
9447
0
95123
9
44
71
95122
944
7
2
95121
9
5120
94558
95116
95113
95115
9
4
5
2
3
9
4
5
2
5
9
4
5
24
9
265
1
/1
95112
94
5
22
9
5
1
1
8
9
4
39
3
9
4
4
78
94
3
9
4
9
4
4
63
9
4
3
95
92895
9
4
3
9
6
9
2896
94
3
97
9
2
8
97
94
3
9
8
9
2
8
9
8
94
3
9
9
928
9
9
81
7
74
9
445
7
9
4458
9
445
9
94
5
23/
2
9
4
47
9
9
4
4
80
9
448
1
9
4
48
2
8
1775
8
1
7
7
5
/1
926
9
4
9
5
1
1
9
94557
94
40
3
923
4
1/1
9
4
40
4
94
4
0
5
9
4
4
0
6
9
28
6
1
9286
1/
1
9
4
4
0
7
9
2
8
6
2
9
4
4
0
8
92
8
63
/
1
9
2865
94528
9
4
5
2
9
9
3
4
2
5
9
3
42
7
94
4
9
4
9
44
9
5
9
4
4
9
6
94
4
97
9
4
49
8
92622/1
9
4
4
10
9
4
4
11
9
4
4
0
9
9449
9
9
4
5
00
9
2
8
5
6
9
4
5
0
1
9
2
8
5
8
94
3
75
9
4
5
02
9
28
5
9
9
45
03
92860
92855
92
8
5
4
94560
92
621
92
7
14
92715
927
1
6
94443
9
2620
9
4444
9
4
4
4
5
9
4
4
4
6
94
4
48
9
44
4
9
94
4
5
0
9
4
451
9
2
73
9
/1
9
2
73
9/2
92740
92
741
9
2
7
4
2
94
44
7
94563
9261
3
92
616
9
2
6
17
94530
92
6
19
945
25
94523
92609
92611
92612
9
2
8
8
1
/1
92
882/
1
9
2
71
7
9
2
7
18
9
27
1
9/1
9
27
19
/
2
92
7
20
9
27
21
9
4
427
944
28
94
429
92743
92
879
/
2
92
88
3
9
3
4
2
8
9288
4
9
4526
9
2
8
8
5
92888/1
9
2
8
90
94
4
40
944
41
9
44
42
92
744
92
7
45
92
7
4
6
92
747
92
7
48
9
44
3
6
944
3
7
9
44
3
8
944
39
9
4
41
2
9
4
4
1
3
9
4
4
14
9
441
5
94
4
1
5/
1
9
44
86
927
11
94
48
7
92712
9
4
48
8
92
71
2/1
9
264
5
9
4
4
89
9271
3
92
64
6
92
6
47/1
92
6
4
8
9
4
4
3
0
9
44
3
1
9
4
43
2
9
44
3
3
9
443
4
98125/5
94
435
928
74/2
9
2
87
5
928
76
92
8
78
928
7
9
/
1
944
91
9449
2
9
4
4
9
0
92
6
40
92
6
4
1
9
2
6
42
9264
3
926
38
92
6
39
9
2
72
7
9
2728
9
2
7
2
9
92730
9
45
2
4
92
7
22/
1
92753
927
24
927
54
92
725
9
27
5
6
92726
92
758
/1
92749
9
2
7
51
/1
9
4
52
7
9
45
04
9
2
8
5
4
94
542
945
43
9
2
4
5
6
/
1
945
4
4
92458
/
1
94545
9
24
59
9
2
4
6
0
9
26
36
/1
92636/
2
9
2
6
3
7
9
27
6
0
92763
92764
9450
5
9
4
50
6
9
4
5
0
7
9
26
33/1
92453
9
2454
92732
92733
92
7
34
9
2
7
35
9
2
736
9
2
737
9
2
738
94541
9
2627
9
2
62
8
9
26
2
9
9
2
631
/
1
92632
945
3
6
9
4537
9
4
5
3
8
945
39
9
4
5
4
0
92
866/
1
92868
9
28
6
9
/1
9
2
7
0
8
9
2
869
/
2
92
7
09
9
2
8
70
92710
92
8
73
92
8
71
9
2
8
7
2
9
2
8
7
4
/1
94
5
59
94424
9
2
8
94
9
453
1
92623
945
32
9449
3
9
2
4
8
5
92624
9
45
3
3
92
8
57/
1
92625
945
3
4
92857/2
94
5
35
94547
9
4522
92622/2
9
4
40
0
94
401
9
44
0
2
924
36
92437
92
4
39/1
9
2
4
3
9/
2
924
3
9/
3
93348/
1
9
2
2
9
1
9
22
92
92293
9
2
294
93347
9
2
48
4
9
4914
92484/
1
93344
94915
924
87
93345
9
24
88
93
3
46
9
24
8
9
9
442
3
9
2
4
9
0
92442
98125/4
93437
93
36
1
9
45
2
4
9
33
62
93
3
63
9
336
4
93365
93366
/
1
93367
934
3
8
924
6
9
9
2
4
7
0
9247
1
9
2
593
93366/2
9
2594
92
4
43
/
4
9
2443/3
9244
4
9
2
4
45
92
4
4
6/
1
92
426
92505
9
4
522
9242
5
92295
9
2
4
7
8
92
29
6
9
4
51
2
924
7
9
/
1
92297
9
4
51
3
9
247
9
/
2
93
2
66/1
9
22
9
8
9
4
5
14
9
2
481
9
3266/2
92
29
9
/1
9
248
2
93267
92
30
2
92
4
83
9
3
2
6
8
9
2
423
924
24
9
3
4
4
1
9
3
442
926
0
7
92
6
08
9
2
4
22
9
242
1
9
43
7
5
98
135
9
3
4
4
3
/
2
93446
93444/1
9
2
50
1
9
2
4
5
1
/1
925
0
2
92
4
52
9
24
52/
1
94
4
25
92303
9
4
42
6
92
466
9
2
30
5
/1
94
4
2
4
93
3
58
93
3
5
9
93
3
6
0
934
30
92491/1
92491/3
9
3
4
3
0
/
1
9
2
4
9
5
9
3
4
31
934
3
3
9
3
4
3
4
93
435
9
8
134
92491/2
98133
93
42
9
92
5
0
6
9
2
507
9250
9
92
5
14
925
1
5
94913
9
25
93
92
49
6
933
57
92
4
97
9
34
4
1/
1
924
4
9
93
4
4
2
/
1
9
2
4
50
92
4
5
1
92
44
6/2
9
2
4
47
9
2
4
48
98
132
98125/3
9
24
73
9
2
4
7
4
92443/2
92
47
6
9
2
4
7
7
9
3
34
0
9
3608
/1
9260
3
93
6
10
9260
5/
1
9
4
4
16
9
36
11
9441
7
94
4
18
92604
9
4
420
98125/3
9
4
4
2
1
9
4
5
15
9
3
44
7
/1
9
4
5
16
9
3
6
28
9
363
0
93440
92602/1
9
3443
/3
9337
3
/2
92
472
93377
944
2
3
/1
9
2
4
61
9
3
374
9
24
3
2
9
2433
/1
92434
93375
934
44
/
2
93446/1
92
433/
2
93378
92
60
1
926
0
2
9
3
448/3
93449/1
9
334
3
/4
9
3343/5
945
1
7
9812
5/
1
98125/2
92599
9
2600
945
18
94523
9
45
19
944
2
2
924
6
2
924
6
3
924
6
4
924
6
5
9
2
4
6
7
9
24
68
93
3
68
9
3
369
9
2430
93370
92431
9
26
0
5
93354
93355
98225
9
4520
92
42
7
924
2
8
/
1
94
5
0
8
94
5
09
9
4521
94
5
10
9
4
511
98
1
45
92596
/
1
9
2
59
8
9
337
1
93372/1
93
3
72/2
9
3373/1
9
3
3
48
/2
9335
6
93349
9
243
5
/1
9
24
35
/2
9
34
36
98131
93
6
29
92288
92289
9
22
9
0
98
13
0
936
15
93
6
16
/
1
9361
9
/
1
9362
0
9
2
49
9
92
500
92
503
9
25
0
4
9
2
49
8
92516
92517
94876
9
49
3
7
94
9
3
8
98190
5
30
12/
1
9
949
0
3
9
492
6
9
493
4
9
4
935
94875
9
3
4
5
3
9
3
4
5
4
9
452
4
92310/1
53012/18
92312/1
92312/2
92313
92314
92
3
10
/
2
94933
94
90
5
93
456/
1
9
49
0
6
9
4930
94931
9
0
0
2
9
/7
9
4
932
90029
/
9
53
012/
13
9
488
8
94
90
7
9
490
4
94
9
08
9
4
9
3
6
9
4
9
09
94939
948
94
9
4
9
4
0
92
315
92
31
6
924
2
0
94
8
83
9
48
85
94886
92
4
18
92
4
19
9
4929
9
2306
92
3
0
7
9
2
308
9
23
0
9
5
3
01
2
/15
94
9
1
0
9
4
9
1
1
9
4
9
1
2
9491
7
9
4
9
18
9
3
447
93
451
9
2
4
17/1
949
4
1
94
88
9
9
4891
5
30
12
/
27
94882
94893
9
4
90
1
94
9
0
2
9
3
527/
1
5
3
0
1
2/
28
5301
2/3
0
9
4884
93339
94887
98190
9
0
0
83
98228
9
48
7
4
9
487
9
5
301
2/
3
1
9
4
8
98
5
3012/
32
92518/1
94
8
9
9
92518
/
2
94
9
0
0
9251
9
9
25
20/1
9
241
1
9
2
412
92413
92
4
14/
1
92
41
6
9422
3/1
9
4
872
94
9
2
5
94
92
4
94873
9489
5
94
8
96
9
4
8
97
94
8
81
94892
92
410/1
934
48
/2
93449
9345
0
9345
2
94
9
20
9
4922
9
49
2
3
9
3
3
4
1
9
2
407
933
43/1
9
24
08
93343
/
2
9
2409
9
3
3
4
3
/
3
92
410
92317
9
3457
9
3450/
1
9
4
92
7
9
2
522/
1
93460
9
2
52
4
5
3
012
9
2
525
/
1
98213
9
8
1
5
0
98
1
4
9
98
1
48
98147
98
146
9814
5
/1
98144
98143
9
8
14
2
/
1
9813
9
/2
9
8
1
4
0
9
8137
9813
6
9
8
13
9/
1
9234
1
98138
94916
94921
9
49
1
9
94862
94877
98190
94928
9
815
1
94839
9
81
52
98
1
53
98
155
98
15
7
98158
98160/
1
9
8161
90029
/
22
94
86
0
92525
/
1
3
9
4
841
9
48
52
94851
9
4
8
78
92525
/4
9
48
6
4
9
48
69
9252
5
/9
948
40
53
012
/2
5
948
38
9
35
3
2/1
93532/2
93534/1
93533
9353
1
935
3
0
9
3
52
8
9486
7
94
8
6
6
935
3
4
/
2
9
3536
94
9
81
9
5
0
9
6
9
2
5
2
5
/6
925
2
5
/7
90
029/26
9
0
0
29
/3
5
94
9
80
94
8
37
9
4
9
4
2
/1
900
2
9/
36
948
36
5
58
4
0
9
2
5
2
5
/8
9483
6
/1
9
48
49
94
835
9
47
5
7
9494
4
947
5
8
947
5
9
9
4979
9
4
8
50
94890
949
78
9
2
525/10
94942
9
4
943
9
0029/20
9
2
525/
14
950
8
8
9002
9/21
9252
5/15
94
87
0
9
4
871
9
4
880
95077
95076
950
7
5
95080
95079
94
8
6
1
9
5
07
4
9486
8
9
48
55
948
6
5
95
08
1
92
5
25/
1
1
94856
94857
94
8
58
94
8
59
9
2
5
2
5
/
12
9
2
4
0
6
9
8
1
91
942
2
3/4
98212
9821
1
982
2
5/6
9
8
210
95077/1
9
82
09
9
8
2
0
8
98207
5
3
01
2
/
26
94
85
3
9
48
54
9
8
2
0
6
/1
925
2
5/5
90029/2
5
90
0
2
9/
39
92525/3
92525
/
2
94863
90029/23
900
29
/24
94801
9
4
806
9
4
9
88
94991
98187
94
9
91
/1
9
8
185/1
9
0028
92529/7
981
62
981
6
3
9
8
1
6
4
90029/5
981
81
9
4
8
4
5
947
60
94
76
1
9
4
76
2
9
4
7
6
3
9
48
4
4
94
9
4
6
94741
95092
9
48
4
3
9
4842
94
7
52
94
7
53
9
4
7
5
4
90029/2
9
49
82
950
8
5
94
98
2
/1
9
4
83
4
94982/2
9
4
8
33
95091
900
29/32
90
0
29
/
3
3
948
47
90029/34
9
4
828
90029
/1
9
94829
94
8
32
9002
9
/16
900
2
9
/1
7
9
4
94
5
92404
92403
90
0
29/2
9
90
0
2
9/30
948
22
9002
9/31
94
8
48
9
4
8
4
6
95083
94807
9
4
823
9
4
830
9
5
087
948
31
95086
94
7
50
95084
94
7
51
95082
9
0
00
2
/7
900
0
2/8
900
29
/
37
9002
9
/3
8
9
4
8
0
8
94748/1
92525
/
16
92525/1
7
9
2
4
0
1
9
48
21
9
4
990
9
4804
94
805
9819
5
9
8
1
9
7
94
98
5
9
8
19
4/
1
9819
6
/
1
98196/2
90029/18
90029/27
9
8
2
0
4
98201
9
8202/2
9
820
2/
1
98200/2
90029
/
15
9
00
2
9
/4
9
00
2
9/2
8
9
4
802
94803
94749/1
9475
6
9
4
75
5
94
9
87
94986
94
74
9
949
84
94
748
94809
90
0
36
9481
0
9
0
00
1
/11
94
73
2
90
037
9
4
731
9
48
1
1
981
6
7
9
3335
900
29
/
1
0
9
81
7
0/1
98
1
7
1
98172
/
1
9
8
1
7
3
9
81
7
6
/1
981
7
8
9
23
5
0/1
98
179
9
818
0
9818
2
9817
4
/
1
933
36
9
00
24
90025
94740
9473
3
94
7
43
94
74
4
90036/1
950
9
3
95094
94734
9
47
35
9
4
74
5
9
47
4
2
9
47
2
6
947
2
9
9
00
30
933
36/
1
9
3
3
35
/
1
9
00
3
1
94722
946
98
9
0
0
0
2
/1
9
00
83
90
0
2
9/1
947
3
6
90032
94825
9
4
723
948
26
94746
947
3
7
9
4
724
9481
2
9
4
81
4
95090
9
481
6
9
4818
9508
9
90002/6
9
4
7
3
8
94824
900
33
9
00
34
94
8
17
92
5
69
92566
9474
7
9
4820
9
0
0
3
5
94
82
7
9002
6
90
0
2
7
94
81
9
9498
9
94815
925
71
925
70
9
0
0
8
2
9
00
8
2/
1
9
00
41
90056
9
2573
9001
0
90
0
3
9/
2
9
00
4
2
900
0
9
/
2
925
7
2
9
0
0
4
3
90
0
81
90040
/
1
90
0
2
2
/2
900
1
5
94
81
3
90
0
47
900
4
4
9
0022
9
0
022/1
9
0
0
4
5
9
0046
9
4
727
9003
9
/3
900
1
8
94739
94
689
90
009
/1
90009
9
2
574
9
2
5
68
90
0
40
900
3
7/1
92
5
7
5
981
26
Spitalhof
T
a
lstr
aß
e
A
l
ter
 Weinberg
S
pitalhof
Batzenhofweg
Reihenstraße
Kirchplatz
Hintere
 Spita
lstraße
Am Vogelhäusle
Lindenstraße
Hirschweg
Batzenhofwe
g
Seegasse
Rosengarten
Talst
r
aße
Batz
enhofweg
K
a
rl
sb
a
d
er
 S
t
r
a
ße
Auf
 der
 Röme
r
straße
Stupferic
her
 Weg
Am
 Thomashäusl
e
Pfefferäckerstr
aß
e
Am
 S
c
hleifweg
Palm
b
ach
er
 St
r
a
ße
Hinterm
 Zaun
Am
 Il
l
w
i
g
Hinte
r
m
 Z
aun
Ob
ere
 
Gaß
Riesl
ingstra
ß
e
Am
 H
a
n
g
Windelbac
hstraße
Silvane
r
st
r
aße
Silv
a
n
ers
t
raße
Karlsbad
e
r
 
S
tra
ße
Pa
l
mbache
r
 S
t
ra
ße
St
ut
e
np
f
e
r
chstra
ße
Rulä
n
d
e
r
s
traße
Kar
ls
ba
d
er
 St
r
aße
Stupfericher
 Weg
K
K
K
K
L
u
s
t
g
a
r
t
e
n
h
a
ll
e
Dachsbauwe
g
Schule
 im
 Lustgarten
Rückhaltebecken
Rückhaltebecken
Flurneuordnung
 Karlsruhe-Stupferich
 (A8)
Strom
Strom
Strom
Strom
Strom
Strom
Strom
Strom
Gas
Gas
Gas
Wasser
Abwasser
ENBW
 110
 kV
Hohenwettersbach
Palmbach
Stupferich
A
 8
Grünwettersbach
64075
64054
64053
64057
64058
64069
64068
64012
64079
64066
64051
64082/3
64082/5
64082/1
64072
64082
64049
64082/4
64082/2
64071
98117/2
64078
64079
64076
64209
64055
64077
64070
64074
64073
64050
64067
64058
64064
Lindenstraße
94
3
5
4
984
02
98398
98
38
4
98385
Batzenhofweg
Ochs
e
nstraße
Oc
h
s
en
s
tra
ße
O
c
hs
e
nst
raß
e
Ochsenstr
aß
e
Lindenstraße
Bat
zenhofweg
Ochsenstraße
Ochsenstraß
e
Palmbach
Stupferich
Hohenwettersbach
Stupferich
Stupferich
Hohenwettersbach
210
220
220
220
220
220
220
220
230
230
230
230
230
230
230
230
230
230
230
230
230
230
230
230
240
240
240
240
240
240
240
240
240
240
240
240
240
240
240
240
240
240
240
240
240
240
240
250
250
250
250
250
250
250
250
250
250
250
250
250
250
250
250
250
250
250
250
250
250
250
250
250
260
260
260
260
260
260
260
260
260
260
260
260
260
270
270
270
270
270
270
270
270
270
220
260
66
1
2
3
Oberes
 Batzenhoffeld
Rippertäcker
Über
 d
er
straße
Ochsen-
Brunnenfeld
Igelseck
Brunnenwiese
Dreispitz
Kantenbuckel
Kantenbuckel
Ober
 dem
 Steinbacher
 Weg
Winterrot
Mittlere
 Hurenklamm
Am
 neuen Weg
Birkenwäldle
Ober
 dem
 Wettersbacher
 Weg
Unter
 dem
 Wettersbacher
 Weg
Ettlinger
 Forlen
Zennerklamm
Schneckenhardt
Ober
 dem
 Wettersbacher
 Weg
Am
 Schleifweg
Am
 Ettlinger
 Weg
Am
 alten
Igelseck
Am
 Welschenweg
Illwig
Am
 Welschenweg
Windelbach
Pfefflingen
Pfefferäcker
Rippertfeld
Am
 Thomashäusle
Lange
 Wittumäcker
An
 der
 Klam
Rippertäcker
Am
 Ettlinger
 Weg
Herrenweg
Rippertfeld
An
 der
Ochsenstraße
An
 der
Ochsenstraße
Ochsenstraße
beim
 Schleifweg
Ettlinger
 Weg
Am
 Thomashäusle
Batzen
hofweg
Batzenhofwiese
Ochsenstraße
Hurenklamm
Vordere
Oberes
 Batzenhoffeld
Feldlerchenfenster
Unteres
 Batzenhoffeld
Gut
 Batzenhof
Mittlere
Hurenklamm
Villa
 Maffei
Hintere
 Hurenklamm
DachflächenwassersammelleitungDachflächenSpeicherteiche
 1-3
Pumpanlage
WassergräbenPumpleitungBrunnen
Legende
Anlage
 11
GOLFANLAGE
 BATZENHOF
M
 
 1
 :
 10000
DACHFLÄCHENWASSERABLEITUNG
KARLSRUHE
PLAN
 NR.
98
VORHABENTRÄGER:CARLO
 BARON
 VON
 MAFFEI
ERBENGEMEINSCHAFT
 KÖGLER
BATZENHOF76227
 KARLSRUHE-HOHENWETTERSBACH
76228
 KARLSRUHE-HOHENWETTERSBACH
SPITALHOF
 1
BEARBEITETGEZEICHNETDATUMGEÄNDERTPLANGR.
W
W/W
42/30
16.12.13
VORHABENBEZOGENEN
 BEBAUUNGSPLAN
ERGÄNZENDE
 DARSTELLUNG
 ZUM
DACHFLÄCHENWASSER
FREIER
 LANDSCHAFTS-ARCHITEKT
ECHTERDINGER
 STR.
 111,
 70794
 FILDERSTADT
TEL.
 0711/703085,
 FAX
 0711/703086
BEARBEITUNG:
PLANUNGSBÜRO
 REINHOLD
 WEISHAUPT
15.09.15
N
S

1831418
18
314
18
350
350
5050
450
50
50
450
80
50
90
50
400500
Betonfundament
Graben, Bach
Baugrund
Weg
Geländer, Kantholz 10 x 10 cm
Weichenschwellen 14 x 24 cm
Doppel-T-Träger IPB 180, verzinkt
Handlauf, Kantholz 10 x 12 cm
Standpfosten,
 Kantholzbalken
 18/18
 cm
BlitzableiterBetonfundamentDachdeckung
 mit
 Ziegeln
WSP
2109080
30080
18
314
18
350
50
50
50
50
200300
90
Weichenschwellen 14 x 24 cm
Betonfundament
Doppel-T-Träger IPB 180, verzinkt
Graben, Bach
Geländer, Kantholz 10 x 10 cm
Handlauf, Kantholz 10 x 12 cm
Standpfosten,
 Kantholzbalken
 18/18
 cm
BlitzableiterBetonfundamentDachdeckung
 mit
 Ziegeln
BalkenschuheSitzbänke
WSP
TH 2,10 m über
 Gelände
SD 25°
1831418
18
314
18
350
350
4040
40
40
2005050
500400
50
50
Weichenschwellen 14 x 24 cm
Kantholz 10 x 10 cm
Weg
Graben / Bach
Standpfosten,
 Kantholzbalken
 18/18
 cm
Wandflächen
 aus
 Holzbrettern
BetonfundamentBodenbelag
 aus
 Holzbrettern
Schnitt A
Schnitt
 A ́
Schnitt BSchnitt B ́
GR 12,25 m²
Draufsicht
GrundrissDetail SchutzhütteGrundrissDetail Brücke
Schnitt
 A
 -
 A'
AnsichtSchnitt
 B
 -
 B'
Anlage
 12
GOLFANLAGE
 BATZENHOF
M
 
 1
 :
 100
DETAIL
 SCHUTZHÜTTEN
 U.
 BRÜCKEN
KARLSRUHE
PLAN
 NR.
96
VORHABENTRÄGER:CARLO
 BARON
 VON MAFFEI
ERBENGEMEINSCHAFT
 KÖGLER
BATZENHOF76227
 KARLSRUHE-HOHENWETTERSBACH
76228
 KARLSRUHE-HOHENWETTERSBACH
SPITALHOF 1
BEARBEITETGEZEICHNETDATUMGEÄNDERTPLANGR.
W
W/W
42/30
16.12.13
VORHABENBEZOGENEN
 BEBAUUNGSPLAN
ERGÄNZENDE
 DARSTELLUNG
 ZUM
NEBENANLAGEN
FREIER
 LANDSCHAFTS-ARCHITEKT
ECHTERDINGER
 STR.
 111,
 70794
 FILDERSTADT
TEL. 0711/703085, FAX 0711/703086
BEARBEITUNG:
PLANUNGSBÜRO
 REINHOLD
 WEISHAUPT
15.09.15