

Seite 77 von 79 
Anlage 6 
 
Bestandsplan 
 
 
Der Bestandsplan (siehe nachfolgender Ausdruck) gibt einen Überblick über die bestehenden 
Nutzungen.  
 

A
 8
A
 8
K
 9
652
A
 8
K 9652
A
 8
A
 8
A
 8
L
 
623
A8
A
 8
L
 623
K
 9653
A
 8
A
 8
9653
9653
9653
965
3
9
8
184
9
7
035/1
9
8
4
08
81528
8
1
523
98168
97036
9
84
04
9
800
1
/1
807
86
75074
932
6
9
93270
93
271
9
3
53
7
98
382
53012/8
8
1748
81
749
81750
81751
9
45
9
7
037
80
042/6
90008
701
2
2
/1
90
052/2
90
0
5
5
/1
9
8383/1
75250/
4
81519
9
8
383
9
8864
/
1
81841
5
3012/10
900
52/1
9005
5/
2
8003
6
9
4977
9
4728
9471
5
97
0
9
2
9
70
2
9
80037
9002
9/1
93607
9
36
1
2
9
3613
81
76
4
80038/1
93
5
38
900
1
4
80038
9
3621
9
3
6
22
9
3
6
25
75070
752
28
900
8
4
90080
98235
81
779
81780
817
8
1
7522
9
81782
53012/7
90002/5
90002/4
9
7038
900
4
8
9
7
0
32
92350/2
90011
9
4223
/3
97069
94
7
2
5
98
1
9
8
9
7
03
5
98
200/1
98
1
9
9
/1
94
9
93
94992
80048
807
86/
1
75252
9
8405
80081
81763
9
7
0
4
6
9
7
0
4
7
980
51
98299/
1
9
7
0
5
5
9
7
0
5
6
97
057
97080/1
97050
9
7
0
43/1
9704
9
9
7043
97009
9
8
04
3
75
0
45
98
10
2/5
983
8
3
9
7
051
7
5
2
2
8
97
093
75
0
73
9
8104/
4
2
9
8104/41
75
2
2
9
98102/2
98242
9
7052/1
9
8
102
/
4
97
053/1
970
5
9
97
06
1
98
05
1
/
1
9700
6
980
01/10
98
3
0
2
/
3
75073
98
0
0
1
97008
97
0
1
9
75228
9
70
04
9830
2
9
7
0
6
2
9
70
63
97065
97062/1
9
8369
9
7
0
5
4
/
1
97
003
75072
9
8
3
0
2
/4
9
8
30
2/
2
98117/3
970
4
1
97042/1
97080
9
7
0
01/
1
97
010
970
5
3
9
8104
/
13
97066
9
7
0
67
97042
9
8102
/
1
97
0
39
9
7068
9
7
0
7
0
98399
9
7048
97
0
4
0
9
8
40
7
982
7
8
9
8
279
9
8280
98
2
8
7
9
8
2
9
8
98
249
9
8
2
7
4
9827
5
9829
9
982
5
1
98
3
58
98250
9
8
2
52
982
77
9
8
284
9
8
3
5
9
98
1
0
2/5
982
8
5
98286
98253
9
8
3
6
0
98
3
6
1
9
8
2
7
6
9
8254
98
255
9
83
6
8
9837
0
9836
2
98300
98354
9
8
29
4
98295
9
8
36
7
98291
98292
9
8
3
7
1
9
83
7
2
9
8
36
6
9
8
3
5
5
98104
/
26
98
2
89
9
84
0
9
98356
98
3
5
7
9
82
9
7
9
8363
9
8
2
96
9
8
2
46
98
2
45
982
83
75073
9
8
28
8
9
8
2
9
3
9
8
2
90
9
8
301
75045
970
4
5
9
8
2
9
8
/1
98302/1
982
81
9828
2
98
365
9
8
3
64
8
0042/5
800
42/1
8176
9
/1
81
769
9435
3
8
0042/7
815
1
8
80080
81
5
16
/
1
81
516/2
81
768/1
815
1
6
/5
8173
4
800
0
1
75045
8
004
2/2
818
43
945
2
3/
1
8
1
0
59/1
8
17
3
8
8173
9
81
740
8
1
7
41
8
1530
8
1
8
4
6
81529
9
4
35
3
8
1737
81765
80
001
81747
81842
94
5
23/
1
8
1845
8
0
0
4
2/8
8
1
73
5
8
1
7
36
8
1
5
16
81844
80077
81766/1
9
4
353
8
00
7
8
81516/4
94523
/
1
81766/2
80042/3
8
176
6
817
68
81059
80079
81767
8
0784
80042/4
81770/1
81770
8
177
1
80783
81776
80
039
8078
4/1
817
72
817
73
8
1
0
6
1
81777
8177
7/1
81778
81
0
5
9/3
81778/1
8177
7/4
8177
8
/2
8
1
7
7
9
/2
8178
0
/2
95
1
37
8
1777/3
95138
8
1772/1
81763/1
80041
80040
81745
81516/3
81
74
2
81
7
43
81
74
4
8151
7
94
48
3
9
4
4
8
3/
1
94484
8
1
780/1
944
85
944
56
92
916
94552
94553
92686
94554
92687
94424
92689
92690/1
9
2693/1
92
917
92693/2
94375
9269
5
92
6
7
0
92
6
71
9
2669
9
4524/2
92665
/
1
9
4
45
2
9
4
45
3
9445
4
9
4
455
9
2
9
27
9
2
9
2
8
9
2
92
9
92
668
9
2
891
92
920
9
2892
929
2
2
92
89
3
92
92
3
92924
92
9
2
5
9
29
2
6
94
555
951
1
7
9
5
1
1
2/1
817
76
/
2
92854
817
76/
3
81763
81
7
64
92667
9
4
3
7
6
9437
7
9
4
37
8
9446
6
92679
92680
92681
9
2
662
/
2
92682
92662/3
92
683
92663
92685/1
9
4
5
23/
1
94
3
7
9
9
4
3
80
9
4381
9
4382
9
4
3
8
3
94384
9
4
5
2
3
/1
9
2
912/1
9
2
91
3
92
91
5
9
2
918
/
1
944
65
92918/2
9
29
1
9
94
550
94551
92664
94375
92659
92660
92662/1
92661
92674
92675
92676
9
2930
92
9
3
1
92656
929
33
92658
9
29
34
9442
4
9
2
93
5
9
2
9
0
6
9
29
36
9
2
90
7
9
4
546
9
29
0
8
9
454
8
92909
9
2
91
0
929
1
1
92677
92678
9
446
4
94
472/
1
94473/
1
94
475/1
94
476/
1
94
477/
1
9
2
6
98
94549
926
9
6
94
3
74
944
73
94
47
5
94
47
7
94
557
/2
9452
4
/1
94476
92653
81776/1
92654
81777/5
92655
81777/2
81779/1
9
4557/1
92
6
99
92700
9
27
0
1/1
92
7
01
/
2
81781
/1
9
2
9
0
0
92901
929
02
9290
4
94467
9
4
3
85
9290
5
9446
8
94386
9
43
8
7
943
8
8
9
4
460
9
4
461
94
46
2
9
446
3
951
3
3
9
5132
95
13
1
9
5
1
3
0
95
129
9
27
02
9
5
1
2
8
94
392
9
270
4
/1
9
5
1
2
7
92
706
9
5
1
2
6
9
4
3
8
9
92
7
0
7
95115/1
9
4
39
0
9
5
114
94
469
94
391
9
51
25
95
1
24
94470
95
1
23
94471
9
5
1
2
2
94
472
9512
1
9
5
1
2
0
95
11
6
95113
95115
94523
94525
94524
9
26
51/1
95112
94522
9
4
3
93
9
4478
9
439
4
9
4
46
3
9
4
395
92
89
5
94
3
9
6
9
28
9
6
9
4
39
7
9
2
8
9
7
9
4
39
8
92
898
9
4
39
9
9
2899
817
74
94
4
57
94
45
8
94
4
5
9
9452
3/2
94479
9
44
8
0
94
48
1
9
4482
8
1
775
8
17
75
/
1
92694
9
5
1
1
9
945
5
7
94
403
92341/1
94404
9440
5
9
44
06
92861
92861/1
94407
9
2
86
2
94408
92
8
63/
1
92
865
9
4
528
9
45
2
9
9
34
2
5
93
427
94
494
9
4
49
5
94
4
96
9
4
49
7
9449
8
9
2
6
2
2
/
1
9
4
410
9441
1
9
44
0
9
9
4
4
99
9
4500
9
2
8
5
6
9
4501
9
2858
94375
9
4
5
0
2
9
28
5
9
945
03
92
86
0
928
5
5
92
8
54
94560
92
6
2
1
9
2
71
4
92
715
92
7
1
6
9
4
4
43
9
26
2
0
94444
9
4
445
944
46
94
4
48
9
44
49
94
4
5
0
9
44
51
92
7
3
9
/
1
9
2
7
39/2
9274
0
9
274
1
9
27
4
2
9444
7
9456
3
92
6
13
92
61
6
9
2
61
7
94530
9
2
6
19
94525
94
52
3
9
2
609
92
611
92612
92
881/
1
92
8
82
/
1
9271
7
9
27
1
8
9
2719
/
1
9
2
7
1
9
/
2
92
7
2
0
9
272
1
94
4
2
7
94
4
2
8
94
42
9
9
2
74
3
92879
/
2
9
2
88
3
9
3
4
2
8
9
28
8
4
9
4
5
2
6
9
28
8
5
928
8
8
/
1
9
2
890
944
4
0
94
441
9
4
442
9
2
744
9
2
7
45
9
2
746
9
2
7
4
7
9
2
7
48
94
4
3
6
94
4
3
7
9
44
38
94439
94
412
94
4
1
3
94414
9
4
4
1
5
9
4
4
1
5/
1
9
448
6
9271
1
9
448
7
9
271
2
9
4
48
8
92712/1
9
2
6
45
9
4
4
8
9
9
2
713
9264
6
9
2
6
47
/1
9
2
6
48
94430
94
4
31
944
32
944
3
3
9443
4
98125/5
9
443
5
9
2874
/
2
9
2
87
5
9
28
76
9287
8
92
879
/1
94
4
91
9
4
4
92
9
4
49
0
9
2
6
40
9
264
1
9
2
642
9
2643
9
2
638
9
26
39
9
27
27
927
28
9
2
7
2
9
927
3
0
945
24
9
27
2
2
/1
9
2753
92
7
2
4
9275
4
92
725
927
56
92726
92
7
58/
1
92
7
4
9
9
275
1/
1
9
4527
94
5
04
92854
9
454
2
9
45
4
3
9
2
4
5
6
/
1
9
4
544
9245
8
/
1
94545
92459
92460
92636/1
92636/2
926
3
7
92760
9
2763
92764
9
450
5
9
4
5
0
6
9
45
0
7
92633/1
9
24
5
3
9
2
454
927
3
2
927
3
3
9
2
7
34
9
27
3
5
9
2
7
36
92737
92
738
945
4
1
9
2
627
926
2
8
9
2
62
9
92
6
3
1/
1
92632
9
4536
9
45
3
7
9
4
53
8
9
453
9
9
4540
92866/1
92
8
68
928
6
9/1
9
2708
92869/2
927
09
9
2
8
7
0
9
2
71
0
928
7
3
9
2
8
7
1
92872
9
2
8
74/1
94424
9
289
4
9
4
5
3
1
9
2
6
2
3
945
3
2
9
44
93
9
2485
926
2
4
94
5
3
3
92
8
57/1
92
62
5
94
5
3
4
928
5
7
/
2
9
453
5
9
4
5
47
9452
2
92622
/
2
9
4
4
00
944
01
94402
92436
92
437
92439/1
92439/2
92439/3
933
48/1
9
2
2
9
1
9
2
2
9
2
9
2
2
9
3
9
2
29
4
93347
92484
94914
92484/1
93344
94915
92
4
87
93345
92
48
8
93346
924
8
9
9442
3
9
2
490
92442
98125/4
9
3
437
93361
94524
9336
2
93363
93364
93365
93366/1
93367
9343
8
9
2469
9247
0
92471
92
593
93366/2
92594
92443/4
92443/3
9
2444
92445
92446/1
9
24
2
6
92505
945
22
9
2
425
9
2
2
9
5
92478
92
2
9
6
9
4
512
92
4
7
9/
1
9
2
297
9
4
5
13
92479/
2
932
66
/1
92298
94
51
4
92481
93
2
66/2
9
2
2
9
9
/
1
92482
93267
92302
92483
932
68
924
2
3
9
2
42
4
93441
93442
9
2
6
0
7
92
6
0
8
9
24
22
9
2
42
1
94375
98
1
35
93443/
2
9
3
44
6
9344
4
/
1
92501
92451/1
92502
92452
92452/1
9
4
4
2
5
92303
94
4
26
924
6
6
9
2
30
5
/
1
9
4424
93358
93359
93360
93
4
3
0
92491/1
92491/3
9
343
0
/
1
92495
9
3431
9
3
43
3
93434
93
43
5
98134
92491/2
98133
9
3
4
29
92506
92507
92509
92514
92515
94913
92593
924
96
93357
9249
7
9
3
44
1
/
1
92449
93
442
/
1
92450
92451
92446/2
92447
92448
9
8132
98125/3
9
2
473
92474
92443/2
92476
9
24
7
7
93
340
9
3
608/
1
92
6
0
3
9
36
10
9
2
6
05
/
1
94
41
6
9
36
1
1
9
4
4
1
7
94
41
8
92604
9
4
42
0
98125/3
9
4
4
2
1
9
4515
93447/1
9
4
516
9
36
28
9
3
630
93440
92602
/1
93443/3
9
3
3
73
/2
9
2
4
7
2
93377
944
2
3/
1
9
24
6
1
9
33
7
4
92
43
2
92
433/1
9
2
43
4
93375
93444/2
9344
6
/1
924
3
3
/2
9
3
37
8
92601
926
0
2
9
3448/3
9
344
9/1
93343/4
93343/5
9
4
5
1
7
9
8
125
/
1
98125/2
9
2599
9
2600
9
4
51
8
9
4
5
23
94519
9
4
4
2
2
92
4
6
2
9
2
4
63
92464
92
4
65
92
4
67
92468
9
3368
93369
92
4
3
0
93370
92
43
1
926
0
5
93354
93
355
98225
9
452
0
9
2
427
92428/1
94
50
8
9
45
09
94521
94510
94
51
1
98145
92596/1
92598
9337
1
933
7
2/1
93372
/
2
9
3
3
7
3/
1
93348/2
93356
93349
92435/1
92435/2
9
3
4
3
6
981
31
9
3
629
9228
8
9
22
8
9
92
2
90
9813
0
9361
5
9
3
6
1
6
/
1
9
36
1
9
/
1
9
3
620
92499
9
2500
92503
92504
92498
92516
92517
94876
949
3
7
9
4
938
98190
94
9
0
3
9
49
2
6
94934
94
93
5
9
4875
9
3
45
3
93454
945
2
4
92310/1
9
2312
/
1
9
2312/2
92
3
13
9
2
3
1
4
923
1
0
/
2
94
93
3
94905
93
4
56
/
1
94906
9
49
30
9
4
931
90029
/
7
94932
90
0
29
/
9
5
3012/13
94888
94907
9
4904
94
9
08
94936
94909
94
9
3
9
9
4894
94
9
40
9
23
1
5
923
1
6
9
24
2
0
94883
94885
94886
92418
92
4
19
9
4
929
9
230
6
9
2
30
7
9230
8
9
2
3
09
5
3
01
2
/1
5
949
1
0
949
11
94912
94917
94918
9
3
4
47
93451
9
2
417
/1
9494
1
94889
9
4891
53
012
/27
948
82
94893
949
01
94902
93527/1
5
30
1
2/28
530
12/3
0
94884
9333
9
94887
98190
90
0
83
98228
94874
94879
5
3
0
1
2
/31
9
4898
53012/32
92518/1
9
4899
9251
8
/2
9
4900
92519
92520/1
92
4
11
92412
9
2
413
9
2414/1
92
4
16
9
42
2
3/1
9
4
87
2
9
492
5
949
2
4
94873
9
4
895
94
8
96
948
97
94
8
81
94892
92410/1
934
48
/
2
9
3
44
9
9
3
4
50
93
4
5
2
94920
94922
94923
9
3
341
9
2
4
0
7
93343/1
92408
93343/2
92409
93343/
3
924
1
0
923
1
7
9345
7
9
3450/1
9
4927
92522/1
93460
92524
53012
92525
/1
98213
98150
98149
98148
98147
98146
9
8
145/1
9
81
44
98143
98
1
42
/1
9
8
139/2
98140
98
1
37
98
1
36
9
8
139/1
9
2
34
1
98138
94
9
16
94
921
9
4919
94862
94877
98190
9
4
9
2
8
98151
94839
98152
98153
98155
98157
98158
98160/1
98161
90029/22
94860
92525/13
94841
94
852
9
4851
948
7
8
925
25/
4
948
6
4
94
869
92
525/9
94840
94838
935
3
2
/
1
93
5
32/2
93
5
34/1
935
3
3
93
53
1
93530
9
3
52
8
94
867
94866
935
34/2
9
3
536
94
9
81
9
5
09
6
92525/6
9252
5/7
90029/26
90029/35
94980
94837
94942/1
9
002
9/3
6
9483
6
925
2
5/8
94836/1
94849
94835
94757
9
4944
9
4758
9
4
759
94
9
79
94850
948
9
0
94
9
7
8
92525/
10
94942
94943
9002
9/20
92525
/
1
4
95088
90029/21
9252
5/
15
9
4
8
7
0
94871
948
8
0
95
077
95076
95075
95080
95079
948
61
9507
4
94868
94855
94
8
65
95081
9252
5
/1
1
94
856
94857
94858
94859
92525/12
9
2406
98
19
1
9
4223/4
9
821
2
98211
9
8
2
2
5
/
6
9
8
210
9
5077/1
9
8209
98
2
0
8
9
82
0
7
530
1
2
/
26
948
53
948
54
982
06
/
1
9
2525/5
900
29/25
9
0
02
9
/39
9
252
5
/
3
92
52
5/2
94863
90029/23
90029/24
94801
9
4806
94988
9499
1
9
8
1
87
94
991/1
98
1
85/1
900
2
8
9
252
9/7
9
8162
98163
98164
90029/5
98181
9
4845
9
4
76
0
947
61
9
4
76
2
9476
3
94844
94
9
4
6
9474
1
95
092
948
4
3
9
4
8
4
2
94752
947
5
3
947
5
4
90
029/
2
94982
95085
949
82/1
94
83
4
94982
/2
94833
9509
1
9
0029
/
3
2
90
02
9/
3
3
9
4847
9
0
02
9
/34
9
4
828
90029/19
9482
9
94832
90029/16
90029/1
7
9494
5
9
2
404
9240
3
90029/29
9
00
29/
3
0
94
8
22
9
0
029/31
94848
9484
6
95083
94
807
94823
9483
0
95
087
94831
95086
94750
9
50
8
4
94751
9
5082
90002/7
90002/8
90029/3
7
9
0
02
9/
38
94808
947
4
8/
1
92525/
16
92525/
17
9
2401
94
8
21
94990
948
04
94805
98195
98197
9
4985
9
8
194/1
98196/1
98196/2
90029/18
90029/27
98204
9
8201
982
02/2
98
2
02/1
9820
0/2
90029/15
90029/4
90029/28
94802
94803
947
4
9
/1
94756
9
4
755
9498
7
94
9
8
6
94749
94984
94748
9
480
9
900
36
94810
9
000
1/
11
9
473
2
90037
9473
1
9481
1
981
67
93
3
35
90029/10
9817
0/1
98171
98
172/1
98173
98176/1
98178
923
5
0/1
98179
98180
98182
98174/1
93336
90024
90025
94740
9473
3
94
743
9
4744
9
003
6/1
95093
9509
4
94734
9473
5
947
45
9
4742
94726
94
729
9003
0
93336/1
93335/1
900
3
1
9472
2
9
469
8
9
00
0
2/
1
90083
900
29/
1
94736
9003
2
94825
94723
94826
94746
94
737
94724
94812
9
4814
95090
94816
94818
95089
9000
2
/6
94738
94824
900
33
9
0
034
94817
9
256
9
9
2
566
9
4747
9482
0
90035
94
8
27
90026
90027
94819
949
89
9481
5
92571
92570
9
0
082
9
008
2
/
1
90041
9005
6
92
57
3
90010
9
0
0
39/2
90042
90009/2
9
25
72
900
4
3
90
0
81
90040/1
9
00
22/2
90015
94
8
13
9
0
047
9
0
0
4
4
9002
2
90
0
22/1
9
004
5
90
04
6
94
7
2
7
90039/3
90018
94739
9468
9
9
0
0
0
9/1
90009
9257
4
9
2
5
6
8
90040
90037/1
92575
98
1
26
Spitalhof
Talstraße
A
lt
er
 Weinbe
r
g
Spitalh
o
f
B
at
z
e
nh
ofweg
Reihenstraße
Kirchpl
a
tz
Hintere
 Spitalstraße
Am
 Vogelhäusle
Lindenstraße
Hirschweg
Batzenhofweg
Seega
sse
Rosengarten
Talstraße
Batzenhofweg
Karlsbader
 Straße
Auf
 d
e
r
 Römerstraße
Stupfericher
 
W
eg
Am
 Thomashäusle
P
fe
ff
er
ä
c
k
erstraße
Am
 Schleifwe
g
Palmbacher
 Straße
H
interm
 Zau
n
Am
 Illwig
H
in
t
erm
 Z
aun
O
be
r
e
 G
a
ß
Ri
e
sl
i
n
gst
r
a
ß
e
Am
 Hang
Winde
lb
ach
s
traß
e
Silvanerstraße
Silvanerstraße
Karlsbader
 Straße
Palmbacher
 Straße
Stutenpferchstraße
Ru
l
än
d
er
st
r
a
ße
Karlsb
ader
 Straße
S
t
u
pf
e
richer
 W
e
g
K
K
K
K
L
u
stgart
e
nha
l
l
e
D
achsbau
w
eg
Schule im Lustgarten
Rückhaltebecken
Rückhaltebecken
Flurneuordnung Karlsruhe-Stupferich (A8)
lr
 2
Strom
Strom
Strom
Strom
Strom
Strom
Strom
Strom
Strom
Strom
Strom
Gas
Gas
Gas
Wasser
Abwasser
lr
 1
lr
 1
ENBW
 110
 kV
Hohenwettersbach
Palmbach
Stupferich
A
 8
Grünwettersbach
64075
64054
64053
64057
64058
64069
64068
64012
64079
64066
64051
64082/3
64082/5
64082/1
64072
64082
64049
64082/4
64082/2
64071
98117/2
64078
64079
64076
64209
64055
64077
64070
64074
64073
64050
64067
64058
64064
Lindenstraße
94
3
5
4
98402
98398
9838
4
9
83
8
5
Batzenhofweg
Ochsenstraße
Ochsenstraße
Ochsenstra
ße
Ochsenstraß
e
Lindenstraße
Batzenhofweg
Ochsenstra
ß
e
Ochsen
straße
Stupferich
Hohenwettersbach
Palmbach
Stupferich
Hohenwettersbach
Stupferich
220
220
220
220
220
230
230
230
230
230
230
230
230
230
230
230
230
230
230
240
240
240
240
240
240
240
240
240
240
240
240
240
240
240
240
240
240
250
250
250
250
250
250
250
250
250
250
250
250
250
250
250
250
250
250
250
260
260
260
260
260
260
260
260
260
260
260
260
270
270
270
270
270
270
270
220
Brunnenfeld
Igelseck
Brunnenfeld
Brunnenwiese
Am Hirsch
Dreispitz
Kantenbuckel
Kantenbuckel
Mittlere Hurenklamm
Ober
 dem
 Steinbacher
 Weg
Winterrot
Mittlere Hurenklamm
Über
 der
Hintere Hurenklamm
Hurenklamm
Vordere
Am neuen Weg
Birkenwäldle
Ober dem Wettersbacher
 Weg
Batzenhofwiese
Unter
 dem
 Wettersbacher
 Weg
Zennerklamm
Schneckenhardt
Ober dem Wettersbacher Weg
Unteres Batzenhoffeld
Oberes Batzenhoffeld
Am Schleifweg
Am Ettlinger Weg
Oberes Batzenhoffeld
Am alten
Am Welschenweg
Illwig
Am Welschenweg
Windelbach
Pfefflingen
Rippertäcker
Pfefferäcker
Rippertfeld
Am Thomashäusle
Lange Wittumäcker
An der Klam
Rippertäcker
Am Ettlinger Weg
Herrenweg
Rippertfeld
An
 der
Ochsenstraße
An der
Ochsenstraße
Ochsenstraße
beim
 Schleifweg
Ettlinger Weg
straße
Ochsen-
Ettlinger Forlen
Am
 Thomashäusle
Batzen
hofweg
Villa Maffei
Ochsenstraße
Gut Batzenhof
Gewann 30 Morgen (siehe Detail)
L
B
B
D
D
D
Legende
5.129 m² = 0,40 %
1.272.000 m² = 100,00 %
58.536 m² = 4,60 %
210
 m² = 0,02 %
11.764 m² = 0,93 %
51.282 m² = 4,03 %
52.524 m² = 4,13 %
9.201 m² = 0,72 %
17.112 m² = 1,35 %
69.353 m² = 5,45 %
995.725 m² = 78,28 %
Die nachfolgenden absoluten und relativen 
Größenangaben beziehen sich auf die 
Gesamtfläche des Geltungsbereichs.
Weideflächen (Pferde)
Ackerflächen
Rasenflächen und Gärten
Schotterwege und -flächen
Asphaltwege und -flächen
§ 32-Biotop
Gebäude
Geltungsbereich
1. Bestehende Nutzungen
Teich
Einzelbäume und Baumgruppen
Waldflächen
Graswege
Sonderkulturflächen (Obst)
B
250
Landschaftsschutzgebiet
die dem Denkmalschutz unterliegen
Gesamtanlagen (Ensembles),
Flurstücksnummern 
Höhenlinien
Flurstücksgrenzen
Versorgungsleitung unterirdisch 
Versorgungsleitung oberirdisch
97042/1
Stadtteilgrenze
L
D
2. Kartengrundlagen
1.164 m² = 0,09 %
Wassergräben, Gewässer II. Ordnung
Vermutete Flächenbegrenzung
zu belastende Flächen
Kampfmittel
Mit Geh-, Fahr- und Leitungsrechten 
m. beidseitigem Gewässerrandstreifen
Übersicht Stadtplan-Ausschnitt
Unmaßstäblich
Fassung vom 15.09.2015
Bestandsplan
Golfanlage Batzenhof
Karlsruhe-Hohenwettersbach
Karlsruhe, 07.02.2008
Planverfasser:
Reinhold Weishaupt
Stadtplanungsamt:
Planungsbüro
Freier Landschafts-Architekt
Echterdinger Str. 111, 70794 Filderstadt
Entwurf  /  M  1 : 5000
Vorhabenträger:
Carlo Baron von
 Maffei
Spitalhof 1, 76228 Karlsruhe-Hohenwettersbach
Kögler GbR
Batzenhof, 76227 Karlsruhe-Hohenwettersbach
N
WO
S
99
240
250
Gewann 30 MorgenM  1 : 5000