

A
 8
A
 8
K
 9652
A
 8
K
 9652
A
 8
A
 8
A
 8
L
 
6
23
A
8
A
 8
L
 
6
2
3
K
 96
5
3
A
 8
A
 8
9
653
9
6
5
3
96
5
3
9653
5
3
01
2
/2
9
9
81
84
97035/1
98408
81
5
28
8
152
3
9
8
1
6
8
97036
9
4
55
6
984
0
4
98001/1
80786
75074
93269
9
3
270
93271
9
353
7
98382
5
30
12
/
8
8
174
8
81
749
817
50
81
7
51
9
456
3
97037
8
0042
/
6
9
00
0
8
7
0
1
2
2/1
90052/2
9
005
5
/1
98383/1
75250/
4
8
1
51
9
5
3
0
12
/20
98383
53012/21
98864/1
8
1
841
5
301
2
/10
5
3
012/1
9005
2
/
1
90055/2
800
36
94
977
9
4
7
28
94
7
1
5
97092
97029
8
0
03
7
90029/1
9
360
7
9
3
612
936
1
3
81764
80
0
38/
1
9
3538
9
0014
8003
8
9362
1
9362
2
53012/3
3
936
25
75070
55839
75228
9
0
084
90
08
0
9
4557
98235
817
79
81780
81781
7522
9
8
17
82
53012/7
90002/5
90
00
2/4
53012/16
9
7038
9004
8
97032
92350/2
90
0
11
9
42
23/3
97069
9472
5
98198
97035
9
8
2
0
0/1
98
1
9
9
/1
9
4
993
94992
8
0048
8
0
786/1
7
5
2
52
98405
80
0
8
1
81763
97046
97047
98051
98
299/
1
97055
97056
97057
97080/1
97050
97043/1
97049
97043
97009
9
8
043
75045
98
102/5
98383
97051
75228
97093
7507
3
98104/42
98104/41
75229
98102/2
98242
97052/1
98102/4
97053/1
97059
97061
98051/1
97006
98001/10
98302/3
75073
98001
97008
97019
75228
9700
4
98302
97062
97063
97065
97062/1
98369
9
70
54
/1
970
03
75072
98302
/4
98302
/
2
98117/3
97041
97042/1
97080
97001/1
97010
97053
98104/13
97066
97067
97042
98102/1
97039
97068
97070
98399
97048
97040
9
8
4
0
7
98278
98279
98280
98287
98298
98249
98274
98275
98299
98251
98358
98250
98252
98277
98284
98359
98102/
5
9828
5
98286
98253
98360
98361
98276
98254
98255
98368
983
70
98362
983
00
98354
98294
98295
98
367
98291
98292
98371
98372
98
366
98355
98104/26
9828
9
98409
98356
98357
98297
98363
98296
98246
98245
98283
750
73
9
8
2
8
8
98293
98290
98301
75045
97045
98298/
1
98302/1
9828198
28
2
98365
98364
8
004
2
/5
80
04
2/
1
81769/1
8
1
7
69
94
35
3
80
0
4
2
/7
8
1
5
1
8
8
0
0
80
8
1
5
16
/
1
8
1
5
1
6
/
2
81768/1
8
1516/5
8
1
734
8
0
0
0
1
75
045
800
42
/2
8184
3
94523/1
8
1059
/
1
81738
817
3
9
8174
0
817
4
1
815
3
0
81
84
6
8
1
5
2
9
94353
81737
8
1
7
6
5
8
000
1
8
1
7
4
7
81842
94523/
1
8
1
8
45
80
0
4
2
/
8
8
1
735
8173
6
81
5
1
6
8
184
4
8
0
0
7
7
8176
6
/
1
943
53
800
7
8
81
5
1
6/4
9452
3
/1
81766/2
8
0
042
/
3
8
1
76
6
817
6
8
81059
8
0079
8
17
6
7
8078
4
8
0
0
4
2/4
81
7
70/1
81770
81771
807
8
3
81776
80039
80784/1
817
7
2
81773
8
10
6
1
81
777
81777/1
8
1
7
7
8
810
5
9/3
81778/1
8
1777/
4
817
7
8/
2
81779/2
81780/2
9
5
137
81777
/3
9
5
1
3
8
817
72/
1
81763/1
8
004
1
8
00
4
0
81
745
8
1
5
16
/
3
8174
2
8
17
43
81744
81
5
17
94483
94
483
/1
94
484
8
1780/
1
94
485
9
445
6
9
29
1
6
94552
9
455
3
9
2
6
8
6
9
4554
92687
9
4424
92689
9
269
0
/1
9269
3
/
1
92
9
1
7
926
9
3
/
2
9
4
3
75
92
6
9
5
9
2
6
7
0
9
26
71
92
669
94
5
24
/
2
9
2
66
5
/1
94452
9
4453
94
45
4
9445
5
92927
9
29
2
8
9292
9
92
6
6
8
9
2
89
1
9
2
920
9
2
89
2
92
922
928
93
92
923
9
2924
929
2
5
92
9
26
9
45
5
5
9511
7
9
5
1
1
2
/1
8
1
7
7
6/2
9
2
8
54
8
1776/
3
81
763
817
6
4
92667
94376
94377
9
4
37
8
9
4
466
9
2
67
9
9
2
680
9268
1
926
6
2
/
2
9
2
6
8
2
9
2
6
6
2
/
3
926
8
3
9
2
6
63
92
6
8
5
/
1
9
4523/1
9437
9
9
4
3
8
0
94
38
1
9
4
38
2
9
43
83
9
4
38
4
94523/1
9
2
9
1
2/
1
9291
3
92
915
92918/1
944
65
9
29
18/
2
9
2
9
1
9
94
5
5
0
9
4
551
9266
4
9
4
3
75
92
6
5
9
9266
0
92662/1
9
2
661
92674
9267
5
92676
9
2
93
0
92
931
9
26
5
6
92
9
3
3
9
2
6
5
8
92
93
4
9
4
4
24
92
9
35
92906
929
3
6
92907
94546
9
2
9
0
8
94
548
92
9
09
9
2
9
10
9291
1
926
77
92678
94464
9
4
4
7
2
/
1
9
4
473
/
1
9
447
5
/1
944
7
6/1
9
447
7
/
1
9
26
9
8
94549
9
26
9
6
94374
9
4
473
9
4475
94
4
77
94
5
5
7
/2
9
4
5
2
4/1
9
44
76
92653
8
1
7
76/1
92654
817
77
/
5
9265
5
8
1
77
7
/2
8177
9/
1
94557/1
9269
9
92700
927
01/
1
92701/2
8
1
7
8
1
/1
92
9
00
92901
92902
9
2
90
4
9
4
4
6
7
9
4385
9
2905
9
4
46
8
94386
94387
9
4
3
8
8
9446
0
9
446
1
944
62
9446
3
9
513
6
9513
5
95134
95
1
3
3
95132
95
131
95130
9512
9
92702
951
28
9
4
3
9
2
9
2
7
04
/1
9
5127
92
7
06
9
5126
9
4
3
89
927
07
95115/1
943
90
951
14
94469
94
391
9512
5
951
2
4
9
4
4
70
95
1
23
944
71
951
2
2
9
4
472
95121
9
5
12
0
94558
951
1
6
95113
95115
9
4
5
23
94
5
2
5
94
5
2
4
9
26
51
/
1
95112
9
452
2
95
1
18
94
3
93
9
44
78
9
43
94
944
63
9
4
3
9
5
9
28
9
5
9
4
3
9
6
92896
94
3
97
92
897
943
9
8
9
28
9
8
943
9
9
9
28
99
81
77
4
9
44
57
9
4
458
9
4459
9
4
523/2
944
7
9
9
44
8
0
94
481
94
4
82
817
75
81775/1
92
6
9
4
95119
94557
9
4
40
3
92341
/
1
944
04
94
40
5
9
4406
92861
9
28
6
1/1
9
44
07
9286
2
9
4
408
9
28
6
3/1
928
6
5
9452
8
9
452
9
93425
9
3427
944
9
4
9
44
95
9
44
96
9
44
9
7
944
9
8
9
2622/1
944
1
0
944
11
94
40
9
94
49
9
9
4
5
00
92856
94501
92858
9
4
3
7
5
9
4502
9285
9
945
03
92860
9
2855
92854
94560
92621
92714
9
2
71
5
9
2716
944
4
3
92
620
9
4444
94445
9
44
4
6
9
4
44
8
9
4449
94450
9
4451
9
273
9
/1
92
73
9/
2
92740
92741
9
274
2
94
44
7
9
45
63
9
2
6
1
3
9
2
6
1
6
9
2617
94530
926
19
945
2
5
9
4523
926
0
9
92
6
11
92
6
12
92881/
1
9
2
882/
1
92
7
17
9271
8
9
2719/1
9
2
719/2
9
2
7
2
0
92
7
2
1
944
27
9
442
8
9
4
4
29
927
4
3
92879
/
2
92883
9
3428
92884
94526
92
8
85
9
28
88
/
1
9289
0
94
4
4
0
94
44
1
94
44
2
9
2
7
44
92
745
92
746
92
7
47
9
27
48
94
4
36
94437
9443
8
944
39
944
12
9441
3
944
14
94415
944
15
/1
94486
9
27
11
9
4
4
8
7
92
712
94488
92712/1
9
2
6
4
5
944
89
9
27
13
9
2
6
4
6
92647/1
92648
9
4430
9
44
31
9
443
2
94
4
33
9
4
4
3
4
98125/5
9
4435
9
2874/2
9287
5
92876
9
28
7
8
928
7
9
/1
94
49
1
94
49
2
94
4
90
9264
0
9
2
64
1
92642
92643
9
26
3
8
92
639
92727
92728
92
7
2
9
9
273
0
9
452
4
92722/1
9
275
3
92724
9
2
7
5
4
9
27
2
5
9
2
756
9
2726
9
27
58/
1
9274
9
9
275
1/
1
94
5
27
9450
4
92854
9
45
42
94543
9
24
5
6/
1
945
4
4
92458
/
1
94545
9
2
4
59
92
4
60
92
636/1
9263
6
/2
92637
92760
92763
9
2
7
6
4
945
05
945
06
945
07
92
63
3/1
9
2
45
3
9
2
4
5
4
927
32
92
733
9
2
734
92
735
92736
9
2
7
37
9
2738
9
4541
926
2
7
92628
92
6
29
92631
/
1
92632
945
36
94537
94
53
8
9
45
39
9
4
5
4
0
928
6
6
/
1
92868
9
28
6
9/1
92
7
0
8
9
286
9/2
9270
9
9
2870
9
27
1
0
928
7
3
92871
9
2
87
2
92874/1
9
4
559
94
4
2
4
92894
94531
9
2623
945
32
94493
92
485
92624
94533
92
857
/1
9262
5
94534
928
5
7/2
9
45
35
9
4
547
945
2
2
9
2
6
2
2
/2
9
44
0
0
9
4
40
1
94
402
9
2
4
36
9
2
4
3
7
9
2
4
3
9/
1
92
43
9/2
9
2
439/
3
93348/1
92291
9
2292
9
229
3
9
2
294
93
3
4
7
92
4
8
4
94914
92484
/
1
9
334
4
94915
9
2
48
7
9
3
3
4
5
92488
933
46
92489
9
4
423
9
2
490
92442
98125/4
93437
93361
94
5
2
4
93
362
93
3
63
9
3
3
6
4
9
3
3
65
9336
6
/1
93367
934
3
8
924
69
92
4
70
9
24
7
1
92593
93366/2
9
2
59
4
92443/4
9
24
4
3/3
92
4
4
4
924
4
5
9
2
4
46
/
1
92426
925
0
5
94
522
924
25
922
9
5
924
78
9
2
29
6
94512
92479/1
9229
7
94
5
13
92
47
9/2
93
2
66/1
922
98
94
5
14
9
2
4
81
9
3
266/2
92299
/
1
92
4
82
93267
92
3
02
9
2
483
932
6
8
92423
924
24
93441
9
3
44
2
9
2607
9
2
608
9
24
2
2
92
421
9
437
5
9
8135
93443/2
93
4
4
6
9
3
4
4
4/1
92501
9
2
4
5
1
/1
9
2
5
0
2
9
2
4
5
2
9
2
4
5
2
/1
94
4
25
92303
94
4
26
9
2466
92
3
05/
1
94
424
9
3
3
58
9
33
5
9
9
3
36
0
9
343
0
92491/1
92491/3
93
4
3
0/1
9
2
4
95
93
431
93
43
3
9
34
34
93
4
3
5
981
34
92491/2
98
133
934
2
9
92
5
06
92
5
07
9
2
5
0
9
9
2
51
4
925
1
5
94913
9
2
59
3
92496
933
57
92497
93
4
41/1
92449
9
3
44
2
/
1
9
2
45
0
9
2
451
9
2446
/2
9
2447
924
4
8
981
32
98125/3
9
2
473
9
247
4
9244
3
/2
92476
9
24
7
7
93340
9
3
6
08/
1
9
260
3
9
3610
9260
5
/
1
94
41
6
9
3611
94417
944
18
92604
94420
98125/3
94
4
21
9
45
1
5
9
3
4
4
7/
1
9
45
1
6
9
3
6
2
8
93630
9
3
4
40
92
60
2/
1
9
3
443/3
933
7
3/2
92472
9
3
377
94423/1
924
6
1
9
3374
92432
9243
3
/1
92
434
9337
5
9
3
4
4
4
/
2
93
4
46/1
92433/2
9
3
378
9260
1
9
2
60
2
9
3448
/
3
93
4
49/
1
93
3
43/4
93
3
43/
5
94517
98125/1
98125/2
9
25
99
926
0
0
94
5
18
94523
9
4519
94
4
22
92462
924
6
3
92464
9246
5
9
2
4
6
7
92
4
68
93368
93369
92430
93370
92431
926
05
93354
9
3
355
98225
94520
92427
92428
/1
94
5
08
9
45
09
9
4
5
2
1
94
510
9
4
511
98
145
9259
6
/1
92
5
98
9
3371
93372/1
9
3372/2
9
33
73
/
1
933
4
8/2
9335
6
9
3
3
49
9
2
4
35/1
9
2
435/2
9343
6
98
131
936
2
9
9
2288
92
2
89
92290
9
8
1
30
93615
93
6
16/1
9
3619/1
9362
0
92499
92500
9
25
0
3
92
5
0
4
92
498
9251
6
92517
94876
94937
9
4
9
3
8
98190
53
0
1
2/
1
9
94903
9492
6
94934
9
4
9
3
5
948
7
5
9
3
45
3
9
3454
94524
923
1
0/
1
53012/1
8
9
2
3
1
2
/1
923
1
2
/
2
9
231
3
9
231
4
9231
0
/
2
9493
3
9
4
90
5
93
456/
1
9490
6
94930
949
3
1
90029/7
9
4
9
3
2
9002
9
/
9
5301
2
/
1
3
9
4
888
9
4
9
0
7
94
904
94
90
8
94
9
36
9
4
9
09
949
39
948
9
4
94
9
40
9
231
5
92316
92
420
94883
94885
9488
6
92
418
92419
94929
92306
9
2
3
07
9
2
3
08
9230
9
5301
2
/15
9
4910
9
4
9
11
9
4
9
1
2
9491
7
94918
9
34
4
7
9
3451
92
4
17
/1
94
9
41
948
8
9
94
891
5
3
0
1
2/27
94882
94
8
93
949
0
1
9
4902
93527/
1
5301
2
/28
53
012
/30
9
488
4
9
3
339
9
4
887
98190
90083
98228
9
4
874
94
8
7
9
5
30
12/31
9
4
8
98
53012/32
925
18
/
1
94
899
9
2
518
/
2
9
4900
9
251
9
9
252
0
/
1
9241
1
9241
2
924
13
9
2
4
1
4/1
9
2
4
1
6
94223
/
1
94872
94
925
9
4924
94
8
73
94
89
5
9
4
8
96
9
4
897
9
4
8
81
948
92
9
24
1
0/1
93448/2
93449
934
5
0
93452
94920
94
922
9
492
3
9
334
1
9
2
40
7
93343/1
9
2
4
0
8
93343/2
9240
9
9
33
43/3
92410
92
31
7
93
4
57
93450/1
94927
9
25
2
2
/
1
934
6
0
92
5
2
4
5
3
0
1
2
92525/1
98213
98150
98149
98148
98
147
98
1
46
9
8145/1
98144
98143
98142/1
98139/2
98140
98137
98136
9813
9/1
9234
1
98138
94916
94
9
21
9
491
9
9
4
862
9
48
77
98190
9492
8
98151
94839
98152
98153
98
155
9
81
5
7
9
8
1
58
98160/1
9
8
1
61
9
00
2
9/
2
2
9
48
6
0
92
525
/13
94841
9
4
8
5
2
94
8
51
9
4
8
78
92
5
25/4
94
864
9
48
69
92525/9
94840
53012/2
5
94838
9
3
5
3
2
/
1
93532/2
93534/1
93533
9
35
31
9
3530
93
5
28
9486
7
94866
9
353
4/2
93536
94
981
9509
6
9
2525
/
6
92
5
2
5
/
7
90
0
29/26
9
0
0
2
9/35
94
9
80
94837
9
4
94
2
/1
90029/36
94836
55840
925
2
5/8
94836/1
94849
9
4835
94757
94944
9
4
7
58
94759
94
97
9
9
4850
94890
9
4
9
7
8
92525/10
9
49
4
2
94943
90029/20
92
5
25/
1
4
9
5088
90029/
2
1
9
2525/15
94870
9
487
1
9
4880
9
5
0
77
95076
95075
95080
95079
9
486
1
95074
94868
948
5
5
9
48
6
5
950
81
92525/1
1
9
4
8
5
6
9485
7
94
85
8
94
859
9
25
2
5
/1
2
92406
98191
94
2
23
/
4
98212
98211
98
22
5
/6
98210
9
5
0
7
7/1
9
8
20
9
98
2
08
98207
53012/2
6
9
4853
94854
9
8
2
0
6
/1
9
25
2
5/5
9
0
029/2
5
9
0
0
2
9/3
9
9
2
5
25
/3
92525/2
9
48
6
3
90029/23
90
0
29/24
94801
94806
94988
9
4
9
91
98
1
87
9499
1
/1
9
8
185/1
9
002
8
92529
/
7
98162
9
816
3
98164
9
00
2
9
/
5
9
8
181
94845
9
4760
9476
1
94762
9
476
3
9
48
4
4
9
4
9
4
6
94741
95
092
94
8
43
948
42
9
47
5
2
9475
3
9475
4
9
00
2
9
/
2
9
4982
95
0
8
5
94982/1
9
4
83
4
94982/2
9
48
33
95091
90
0
2
9
/
3
2
90
0
2
9/3
3
94847
90
0
2
9/3
4
9
4
828
90
029/
19
94829
94
83
2
90
0
29
/
16
90029
/17
9494
5
9
2404
92
4
03
9
0
0
29/29
90
0
2
9
/
30
9
4
8
2
2
90
0
2
9
/
31
94
8
48
9484
6
9
5
0
83
94807
9
48
23
94830
9
5
0
8
7
94831
95
0
86
94
750
95
0
84
9475
1
95082
90002/7
90002/8
9
0
0
2
9
/
3
7
90
0
2
9/3
8
9
4
80
8
9
4
748/
1
925
25
/1
6
9252
5
/17
92401
94821
94
990
94804
9
4
8
0
5
981
9
5
98197
94
98
5
981
9
4
/1
981
9
6
/1
98196/2
9
00
2
9
/
1
8
90029/27
98
2
04
98201
9
8
2
0
2
/
2
98202
/
1
9820
0
/2
9
0
029
/
1
5
90
0
2
9/4
9
0
02
9/
28
94802
94
8
03
9
47
4
9
/
1
94756
9
475
5
9498
7
9
4
98
6
9
4
74
9
9
4
9
84
94748
948
0
9
9
00
36
94
8
1
0
90001/11
94732
90037
9
4731
94811
9
8167
93
335
9002
9/
10
9
81
7
0/1
9
8
171
98172/1
9
8
173
98176/1
98178
923
5
0/1
98
179
9
8
180
9
8
182
98
174
/1
9333
6
90024
9002
5
9
4
740
94
7
33
94743
94744
90036/1
95093
95094
94734
94735
9
4745
94
7
4
2
947
2
6
94729
9
0
03
0
93336/1
9
33
35/
1
9003
1
9
472
2
94698
90002/1
9
0
08
3
9
0
0
2
9
/1
94736
9
0
0
3
2
94825
9
4
72
3
9
48
2
6
94746
9
4
7
37
94724
94812
94814
9
5
090
94
8
16
9
4818
9
50
8
9
900
02/6
9
4738
94824
900
3
3
90034
9481
7
925
69
925
6
6
947
4
7
94820
90
0
35
9
4
8
27
90026
9002
7
9
4819
94989
9481
5
9
2
5
71
92
570
90
08
2
9
0
0
82
/
1
90
04
1
9
0
0
56
92573
900
1
0
9
0
0
3
9
/
2
90042
9
00
0
9
/
2
9
2
5
72
90043
9
0
0
81
9
0
0
4
0/1
90022/2
90
01
5
9
4
813
90047
9004
4
90022
9
0
022/1
9
0
04
5
9
0
0
46
9
4727
9
0
039/3
90018
9
473
9
946
8
9
90
0
0
9
/1
9
00
09
92
5
7
4
9256
8
90040
90
0
37
/1
9
2
575
98126
Spitalhof
T
a
lstraße
Alter
 Weinberg
Spitalhof
Batzenhofweg
Reihenstraße
Kirchplatz
Hintere
 Spitalstraße
Am Vogelhäusle
Lindenstraße
Hirschweg
Batzenhofweg
Se
egasse
Rosengarten
T
al
straße
Batzenhofweg
K
ar
lsba
d
e
r
 
S
t
r
aße
Auf
 der
 Römerstraße
Stupfericher
 Weg
Am
 Th
omash
äusle
Pfefferäckerstraße
A
m
 Schle
i
f
we
g
P
a
l
m
b
ach
er
 Straße
Hint
erm
 Zaun
A
m
 Illw
i
g
Hinter
m
 Zaun
O
bere
 Gaß
Rieslingstraße
A
m
 Ha
n
g
Windelbachstraße
Silvanerstraß
e
Si
lva
ne
r
straße
Kar
ls
b
ader
 St
r
a
ße
Pa
l
mb
ac
her
 Straße
S
t
utenpfe
rc
hs
t
raße
Rul
änderstraße
K
arlsbader
 
S
traße
Stupfericher
 Weg
K
K
K
K
L
u
s
t
g
a
r
t
e
n
h
a
lle
Dachsbauweg
Schule im Lustgarten
Rückhaltebecken
Rückhaltebecken
Flurneuordnung Karlsruhe-Stupferich (A8)
Palmbach
Stupferich
A
 8
Grünwettersbach
Hohenwettersbach
64075
64054
64053
64057
64058
64069
64068
64012
64079
64066
64051
64082/3
64082/5
64082/1
64072
64082
64049
64082/4
64082/2
64071
98117/2
64078
64079
64076
64209
64055
64077
64070
64074
64073
64050
64067
64058
64064
Lindenstraße
94
35
4
98402
98398
98
3
84
983
85
Batzenhofwe
g
O
chsenstraße
Ochsenstraße
Ochsenstraße
O
c
hsenstraße
Lindens
traße
Batzenhofweg
Ochsenstraße
Ochsenstraße
Brunnenfeld
Igelseck
Brunnenfeld
Brunnenwiese
Am
 Hirsch
Dreispitz
Kantenbuckel
Kantenbuckel
Mittlere
 Hurenklamm
Ober
 dem
 Steinbacher
 Weg
Winterrot
Mittlere
 Hurenklamm
Über
 d
er
Hintere
 Hurenklamm
Hurenklamm
Vordere
Am
 neuen
 Weg
Birkenwäldle
Ober
 dem
 Wettersbacher
 Weg
Batzenhofwiese
Unter
 dem
 Wettersbacher
 Weg
Zennerklamm
Schneckenhardt
Ober
 dem
 Wettersbacher
 Weg
Unteres
 Batzenhoffeld
Oberes
 Batzenhoffeld
Am
 Schleifweg
Am
 Ettlinger
 Weg
Oberes
 Batzenhoffeld
Am
 alten
Igelseck
Am
 Welschenweg
Illwig
Am
 Welschenweg
Windelbach
Pfefflingen
Rippertäcker
Pfefferäcker
Rippertfeld
Am
 Thomashäusle
Lange
 Wittumäcker
An
 der
 Klam
Rippertäcker
Am
 Ettlinger
 Weg
Herrenweg
Rippertfeld
An
 der
Ochsenstraße
An
 der
Ochsenstraße
Ochsenstraße
beim
 Schleifweg
Ettlinger
 Weg
straße
Ochsen-
Ettlinger
 Forlen
Am
 Thomashäusle
Batzen
hofweg
Villa
 Maffei
Ochsenstraße
Gut
 Batzenhof
3
2
4
1
2.3
4.3
4.4
2.2
4.2
3.1
2.1
4.1
1.3
1.4
1.2
1.1
Nr.
Legende
Flurstück
Eigentümer
VerkehrssicherungspflichtUnterhalts-
 und
ThomashofwegBatzenhofwegWassergräbenOchsenstraße
2.34.31.34.41.42.24.21.2
BRD
 (Bundesstraßenverw.)
BRD
 (Bundesstraßenverw.)
98102/56407264002
3.12.14.11.1
von
 Maffei
von
 Maffei
von
 Maffei
von
 Maffei
von
 Maffei
Stadt
 Karlsruhe
Stadt
 Karlsruhe
Stadt
 Karlsruhe
Stadt
 Karlsruhe
Stadt
 Karlsruhe
Stadt
 Karlsruhe
Stadt
 Karlsruhe
von
 Maffei
von
 Maffei
von
 Maffei
von
 Maffei
von
 Maffei
Stadt
 Karlsruhe
Stadt
 Karlsruhe
Stadt
 Karlsruhe
Stadt
 Karlsruhe
Stadt
 Karlsruhe
Stadt
 Karlsruhe
Stadt
 Karlsruhe
6407064165640786405964071640086408198042/16407364079
3241
von
 Maffei
Stadt
 Karlsruhe
BRD
 (Bundesstraßenverwaltung)
Anlage
 8
GOLFANLAGE
 BATZENHOF
M
  1
 :
 10000
KARLSRUHE
PLAN
 NR.
95
VORHABENTRÄGER:CARLO
 BARON
 VON
 MAFFEI
ERBENGEMEINSCHAFT
 KÖGLER
BATZENHOF76227
 KARLSRUHE-HOHENWETTERSBACH
76228
 KARLSRUHE-HOHENWETTERSBACH
SPITALHOF
 1
BEARBEITETGEZEICHNETDATUMGEÄNDERTPLANGR.
W
W/W
42/30
29.11.12
VORHABENBEZOGENEN
 BEBAUUNGSPLAN
ERGÄNZENDE
 DARSTELLUNG
 ZUM
VORHANDENE WEGE UND GEWÄSSER
FREIER
 LANDSCHAFTS-ARCHITEKT
ECHTERDINGER
 STR.
 111,
 70794
 FILDERSTADT
TEL.
 0711/703085,
 FAX
 0711/703086
BEARBEITUNG:
PLANUNGSBÜRO
 REINHOLD
 WEISHAUPT
15.09.15
VERKEHRSSICHERUNGSPFLICHTUNTERHALTS-
 UND
N
S