

Anlage 3
öffentliche Leistung
Erstattung von
Verkehrswertgutachten
durch den
Gutachterausschuss
Verkehrswert in€
Verrstd-
satz MA 1
in€
1
Anteil
in %
2
Verrstd-
satz MA 2
in€
3
Anteil
in %
4
Verrstd-
satz MA 3
in€
5
Anteil
in %
6
Anteils-
betrag
MA 1 in€
7
Anteils-
betrag
MA 2 in€
8
Anteils-
betrag
MA 3 in€
9
gewicht.
Stundensatz
(7+8+9) in€
10
Kosten
pro Minute
in€
11
Bearb.zeit
MA 1+2+3
in Std
12
Kost./Leist.
(10x12)
in€
13
Gutachter-
ausschuss-
Sitzung in€
14
kalkulierte
Gebühr
in€
2017
kalkulierte
Gebühr
in€
2010
genehmigte
Gebühr
in€
2010
Erhöhung
Stundensätze  in
%     2010/2017
vorgeschlagene
Gebühr ohne
Zuschlag gem. § 4
 in€
2017
Gutachten
50.000
70,0080,0079,0016,67103,003,3356,0013,173,4372,601,2130,002.178,00278,00
2.456,002.085,00760,0018900,00
Gutachten
75.000
70,0080,0079,0016,67103,003,3356,0013,173,4372,601,2133,002.395,80278,00
2.673,802.269,90880,00181.040,00
Gutachten
100.000
70,0080,0079,0016,67103,003,3356,0013,173,4372,601,2136,002.613,60278,00
2.891,602.454,801.000,00181.180,00
Gutachten
125.000
70,0078,3879,0016,22103,005,4154,8612,815,5773,241,2237,002.709,88417,00
3.126,882.655,001.120,00181.320,00
Gutachten
150.000
70,0078,3879,0016,22103,005,4154,8612,815,5773,241,2240,002.929,60417,00
3.346,602.841,571.220,00181.440,00
Gutachten
175.000
70,0078,3879,0016,22103,005,4154,8612,815,5773,241,2242,003.076,08417,00
3.493,082.965,951.320,00181.560,00
Gutachten
200.000
70,0078,3879,0016,22103,005,4154,8612,815,5773,241,2245,003.295,80417,00
3.712,803.152,511.420,00181.680,00
Gutachten
225.000
70,0078,3879,0016,22103,005,4154,8612,815,5773,241,2247,003.442,28417,00
3.859,283.276,891.520,00181.790,00
Gutachten
250.000
70,0080,0079,0014,00103,006,0056,0011,066,1873,241,2250,003.662,00417,00
4.079,003.461,001.620,00181.910,00
Gutachten
300.000
70,0080,0079,0014,00103,006,0056,0011,066,1873,241,2253,003.881,72417,00
4.298,723.647,421.740,00182.050,00
Gutachten
350.000
70,0080,0079,0014,00103,006,0056,0011,066,1873,241,2256,004.101,44417,00
4.518,443.833,841.860,00182.190,00
Gutachten
400.000
70,0080,0079,0014,00103,006,0056,0011,066,1873,241,2259,004.321,16417,00
4.738,164.020,261.980,00182.340,00
Gutachten
450.000
70,0080,0079,0014,00103,006,0056,0011,066,1873,241,2262,004.540,88417,00
4.957,884.206,682.100,00182.480,00
Gutachten
500.000
70,0078,1379,0015,63103,006,2554,6912,346,4473,471,2264,004.702,08556,00
5.258,084.464,002.220,00182.620,00
Gutachten
750.000
70,0078,1379,0015,63103,006,2554,6912,346,4473,471,2273,005.363,31556,00
5.919,315.025,382.530,00182.990,00
Gutachten
1.000.000
70,0078,1379,0015,63103,006,2554,6912,346,4473,471,2283,006.098,01556,00
6.654,015.649,132.840,00183.350,00
Gutachten
1.250.000
70,0078,1379,0015,63103,006,2554,6912,346,4473,471,2292,006.759,24556,00
7.315,246.210,503.150,00183.720,00
Gutachten
1.500.000
70,0078,1379,0015,63103,006,2554,6912,346,4473,471,22101,007.420,47556,00
7.976,476.771,883.460,00184.080,00
Gutachten
1.750.000
70,0078,1379,0015,63103,006,2554,6912,346,4473,471,22111,008.155,17556,00
8.711,177.395,633.770,00184.450,00
Gutachten
2.000.000
70,0078,1379,0015,63103,006,2554,6912,346,4473,471,22120,008.816,40556,00
9.372,407.957,004.080,00184.810,00
Gutachten
2.250.000
70,0078,1379,0015,63103,006,2554,6912,346,4473,471,22129,009.477,63556,00
10.033,638.518,384.390,00185.180,00
Gutachten
2.500.000
70,0076,3479,0017,56103,006,1153,4413,876,2973,601,23131,009.641,601.112,00
10.753,609.135,014.700,00185.550,00
Gutachten
3.000.000
70,0076,3479,0017,56103,006,1153,4413,876,2973,601,23143,0010.524,801.112,00
11.636,809.885,335.120,00186.040,00
Gutachten
3.500.000
70,0076,3479,0017,56103,006,1153,4413,876,2973,601,23156,0011.481,601.112,00
12.593,6010.698,185.540,00186.540,00
Gutachten
4.000.000
70,0076,3479,0017,56103,006,1153,4413,876,2973,601,23168,0012.364,801.112,00
13.476,8011.448,505.960,00187.030,00
Gutachten
4.500.000
70,0076,3479,0017,56103,006,1153,4413,876,2973,601,23181,0013.321,601.112,00
14.433,6012.261,356.380,00187.530,00
Gutachten
5.000.000
70,0075,2779,0019,35103,005,3852,6915,295,5473,521,23186,0013.674,721.668,00
15.342,7213.039,996.800,00188.020,00
                                                                  Kalkulation der Festbetragsgebühren/Erstattung von Verkehrswertgutachten durch den Gutachterausschuss
dö_HH_GM_Beschlussvorlage_Anlage_3.xls