

9
4
8
5
6
9
4
8
5
4
9
4
8
6
4
6
4
3
1
3
9
4
9
3
8
9
4
8
9
1
9
4
9
1
2
9
4
8
9
6
9
4
9
0
2
9
4
9
1
6
9
4
7
5
7
9
4
9
7
9
9
4
9
4
3
9
4
9
2
5
9
5
2
1
1
9
5
1
9
8
9
5
2
0
0
9
5
1
4
4
9
5
1
9
4
6
4
3
1
7
9
5
1
5
2
9
5
1
3
9
9
4
8
5
5
9
4
8
7
1
9
4
8
7
5
9
4
8
7
3
9
4
8
8
4
9
4
8
7
2
9
4
8
8
9
9
4
9
1
8
6
4
3
0
3
6
4
3
0
4
6
4
3
0
5
6
4
3
0
6
6
4
5
1
5
6
4
4
8
2
6
4
4
8
1
6
4
5
1
7
6
4
4
7
7
9
5
2
1
0
9
5
2
1
3
6
4
5
0
7
9
5
2
1
4
9
5
1
7
7
9
5
1
4
2
9
5
1
8
9
9
5
1
4
8
9
5
1
4
1
9
5
1
6
3
9
5
1
5
0
9
5
1
5
4
6
4
4
6
7
9
4
8
6
7
9
4
8
6
0
9
4
8
8
1
9
4
8
9
0
9
4
8
7
9
9
4
9
3
1
9
4
8
8
5
9
4
9
1
9
9
4
9
0
9
6
4
3
1
6
6
4
4
7
4
9
0
0
8
3
9
4
9
2
7
9
4
9
2
4
6
4
5
0
8
9
5
1
9
9
9
5
1
7
3
9
5
1
9
2
9
5
1
7
9
9
5
1
8
1
9
5
1
8
7
9
5
1
6
8
9
5
1
6
7
64468
9
5
1
5
3
6
4
4
1
4
9
4
8
7
4
9
4
9
2
6
9
4
8
9
4
9
4
8
9
8
9
4
9
0
3
9
4
9
1
3
6
4
2
9
6
6
4
3
0
9
9
4
9
8
0
6
4
5
1
6
9
4
9
4
2
6
4
5
2
0
6
4
4
9
4
9
4
9
2
3
6
4
5
1
0
95206
9
5
2
1
5
6
4
5
0
5
9
5
2
0
2
6
4
4
9
9
64319
9
5
1
6
5
9
5
1
5
7
9
5
1
6
4
9
5
1
6
2
9
5
1
5
6
9
4
8
5
8
9
4
8
5
3
9
4
8
8
0
9
4
9
4
0
9
4
9
1
7
9
4
9
0
0
9
4
9
1
4
9
5
2
2
3
6
4
3
0
2
64315
6
4
5
1
3
6
4
5
1
8
6
4
4
7
5
9
3
3
3
9
9
4
9
2
2
6
4
4
7
2
9
5
2
0
8
9
5
2
1
7
9
5
2
0
4
95216
6
4
5
0
4
9
5
1
9
6
9
5
1
7
4
9
5
1
9
3
9
5
1
7
8
9
5
1
4
6
9
5
1
7
1
9
5
1
6
9
9
5
1
6
6
9
5
1
5
9
9
5
1
5
8
9
4
8
6
2
9
4
8
6
3
9
4
8
8
2
9
5
2
2
5
9
5
2
2
2
6
4
4
8
0
6
4
4
7
8
6
4
4
7
6
95219
9
4
9
2
0
6
4
5
1
1
95207
9
5
2
1
2
9
5
1
9
5
9
5
1
4
3
6
4
4
1
5
9
4
8
5
9
9
4
8
6
9
9
4
9
2
9
9
4
9
3
3
6
4
3
1
4
6
4
3
1
2
9
4
9
2
1
9
4
8
9
3
9
4
8
9
2
9
4
9
7
8
6
4
5
1
9
9
4
9
2
8
6
4
5
0
9
9
5
2
0
9
9
5
1
7
5
9
5
1
4
5
9
5
1
7
6
9
5
1
9
1
9
5
2
2
0
6
4
4
9
5
9
5
1
4
7
9
5
1
8
8
9
5
1
7
0
9
5
2
2
1
9
5
1
6
1
9
5
1
5
5
9
4
8
7
0
9
4
9
3
5
9
4
8
8
3
9
4
8
8
8
9
4
9
1
5
9
5
2
2
4
64318
6
4
3
0
7
6
4
3
0
8
6
4
5
1
4
6
4
4
7
9
6
4
4
7
3
9
5
2
0
5
9
5
2
0
3
6
4
5
0
6
9
5
1
9
7
9
5
2
0
1
9
5
1
7
2
9
5
1
9
0
9
5
1
4
9
9
5
1
5
1
9
5
1
4
0
6
4
4
6
6
9
2
5
2
5
/
9
9
0
0
2
9
/
9
64472/1
9
4
9
4
2
/
1
9
2
5
2
5
/
4
9
5
1
8
1
/
2
9
5
1
8
1
/
3
9
5
1
8
1
/
4
9
5
1
8
1
/
5
9
2
5
2
5
/
3
9
2
5
2
5
/
1
9
2
5
2
5
/
5
9
5
1
8
1
/
1
9
2
5
2
5
/
6
6
4
3
1
5
/
1
9
0
0
2
9
/
2
3
9
2
5
2
5
/
1
2
9
0
0
2
9
/
3
6
9
2
5
2
5
/
1
0
9
0
0
2
9
/
2
2
9
2
5
2
5
/
1
1
9
0
0
2
9
/
2
4
9
0
0
2
9
/
2
6
9
0
0
2
9
/
3
9
9
2
5
2
5
/
1
3
9
0
0
2
9
/
2
5
6
1
5
6
2
7
5
7
3
5
3
6
5
6
9
9
9
6
8
3
7
4
4
4
1
4
6
8
9
2
2
8
1
5
8
7
8
3
3
a
1
2
1
2
1
2
1
0
2
3
1
3
1
5
1
6
1
0
1
8
1
1
1
3
1
9
1
0
1
5
2
5
1
7
1
6
1
4
1
1
2
7
1
0
1
4
7
a
1
4
2
9
1
1
2
1
2
1
3
2
1
6
1
6
1
5
3
1
2
3
2
2
2
5
2
0
1
4
1
2
1
9
2
1
H
s
N
r
.
1
H
s
N
r
.
3
H
s
N
r
.
4
H
s
N
r
.
1
H
s
N
r
.
9
H
s
N
r
.
5
H
s
N
r
.
9
H
s
N
r
.
6
H
s
N
r
.
5
H
s
N
r
.
1
H
s
N
r
.
3
H
s
N
r
.
7
H
s
N
r
.
7
H
s
N
r
.
2
H
s
N
r
.
3
5
H
s
N
r
.
2
8
H
s
N
r
.
2
2
H
s
N
r
.
3
1
H
s
N
r
.
2
4
H
s
N
r
.
1
7
H
s
N
r
.
1
5
H
s
N
r
.
1
3
H
s
N
r
.
1
7
H
s
N
r
.
1
1
H
s
N
r
.
1
9
H
s
N
r
.
1
1
H
s
N
r
.
1
8
H
s
N
r
.
1
9
H
s
N
r
.
1
8
H
s
N
r
.
1
4
H
s
N
r
.
3
4
H
s
N
r
.
2
6
H
s
N
r
.
3
3
H
s
N
r
.
2
9
H
s
N
r
.
3
0
H
s
N
r
.
1
3
H
s
N
r
.
2
7
H
s
N
r
.
1
5
H
s
N
r
.
1
1
Illwig
A
m
 
I
l
l
w
i
g
An der Klam
A
n
 
d
e
r
 
K
l
a
m
Hachenmantel
H
i
n
t
e
r
m
 
Z
a
u
n
A
m
 
S
c
h
l
e
i
f
w
e
g
Auf der Ebene
Am Ettlinger Weg
6
4
4
8
4
9
4
8
6
1
9
4
8
6
6
9
4
8
9
7
9
4
7
6
3
9
4
8
5
7
9
4
8
7
8
9
4
8
8
7
9
4
9
0
4
9
4
7
5
9
9
4
9
4
4
9
4
9
1
1
9
4
8
9
5
9
4
9
0
1
6
4
4
8
5
6
4
5
2
2
9
5
2
1
8
9
4
8
6
5
9
4
8
8
6
9
4
9
0
5
6
4
4
8
6
6
4
5
2
1
9
4
8
7
7
9
4
9
3
2
9
4
9
3
6
9
5
1
6
0
9
4
8
5
0
9
4
8
7
6
9
4
9
3
0
9
4
9
4
1
9
4
9
0
8
9
4
9
0
7
9
4
9
0
6
6
4
4
8
3
9
4
7
5
8
9
5
1
8
0
9
4
8
6
8
9
4
9
3
4
9
4
9
3
9
9
4
9
3
7
9
4
9
1
0
9
4
8
9
9
9
4
7
6
0
6
4
4
8
7
6
4
5
0
3
9
2
5
2
5
/
7
9
2
5
2
5
/
2
9
0
0
2
9
/
3
4
9
0
0
2
9
/
1
9
9
0
0
2
9
/
2
0
9
0
0
2
9
/
3
5
9
2
5
2
5
/
1
4
9
0
0
2
9
/
2
1
5
1
3
H
s
N
r
.
7
H
s
N
r
.
2
H
s
N
r
.
2
4
H
s
N
r
.
1
6
H
s
N
r
.
2
0
Hachenmantel
A
m
 
M
a
u
e
r
a
n
g
e
r
A
m
 
W
i
e
s
e
n
r
a
i
n
P
a
l
m
b
a
c
h
e
r
 
S
t
r
a
ß
e
P
f
e
f
f
e
r
ä
c
k
e
r
s
t
r
a
ß
e
±
LSW Klam-Illwig Baubereiche
Dieser Plan wurde über die "Geodaten-Auskunft Karlsruhe" erstellt.
Er darf ohne Erlaubnis nicht vervielfältigt werden.
Änderungen und Einträge sind deutlich als solche kenntlich zu machen.
Bearbeiter/in:
Gemarkung:Datum:Maßstab:
Tiefbauamt
1:2.000
Stadt Karlsruhe
25.01.2017
Daniel Seene