

30,02 m
276,84 m
30,22 m
277,30 m
614,37 m
6553
6521
6513
6524
6536
6501
6556
7810
6517
6542
6497
6500
6538
6558
7812
6551
6550
6520
6547
6527
6531
6535
6539
6537
6503
7813
7806
6519
6515
6510
6509
6507
6506
6544
6505
6533
7811
7809
6523
6518
6545
6511
6525
6543
6529
6541
6498
6502
6554
6512
6546
6473
6530
6495
6496
6532
4695
6504
6557
6555
7807
6516
6514
6549
6508
6540
7808
6552
6522
6469
6548
6472
6526
6528
6471
6534
11845
11848
11858
11840
11846
11844
11852
11881
11867
12168
12163
11843
11850
11853
11836
11839
11855
11876
11874
11880
11865
11860
11856
11859
11873
11872
11879
11862
11837
11841
11842
11849
11854
11883
11861
11866
12166
12164
11901
11838
11857
11868
11864
11863
12165
11847
11851
11878
11870
11869
11882
7809/1
4751/2
4731/8
4741/8
4737/7
4741/2
4717/3
4711/8
6542/1
4746/3
4728/3
6521/1
4736/2
4723/6
4737/1
4736/7
4725/8
12165/1
4711/15
469
555
7814
11875
11877
11871
4737/8
4724/2
HsNr.8a
2
7
3
5
4
8
3
1
6
6
1
8
9
7
5
9
4
5
9
7
49
58
62
19
11
16
18
11
22
51
19
23
59
25
63
64
66
17
15
12
14
15
17
36
31
57
72
20
38
29
59
70
15
13
32
53
27
65
74
20
16
30
17
18
34
23
24
55
61
68
10
12
13
11
15
21
26
21
40
60
67
13
14
10
19
47
57
65a
47a
12a
15a
Salbeiweg
Schlehenweg
Alter Postweg
Heckenrosenweg
Flughafenstraße
Oberfeld 3. Gewann
Kaiserslauterner Straße
6553
6521
6513
6524
6536
6501
6556
7810
6517
6542
6497
6500
6538
6559
6558
7812
6551
6550
6520
6547
6527
6531
6535
6539
6537
6503
7813
7806
6519
6515
6510
6509
6507
6506
6544
6505
6533
7811
7809
6523
6518
6545
6511
6525
6543
6529
6541
6498
6502
6554
6512
6546
6473
6530
6495
6496
6532
4695
6504
6557
6555
7807
6516
6514
6549
6508
6540
7808
6552
6522
6469
6548
6472
6526
6528
6471
6534
11845
11848
11858
11840
11846
11844
11852
11881
11867
12168
12163
11843
11850
11853
11836
11839
11855
11876
11874
11880
11865
11860
11856
11859
11873
11872
11879
11862
11837
11841
11842
11849
11854
11883
11861
11866
12166
12164
11901
11838
11857
11868
11864
11863
12165
11847
11851
11878
11870
11869
11882
7809/1
4751/2
4731/8
4741/8
4737/7
4741/2
4741/7
4717/3
4711/8
6542/1
4746/3
4728/3
6521/1
4736/2
4723/6
4702/7
4737/1
4736/7
4725/8
12165/1
4711/15
56
Oberfeld 3. Gewann
Oberfeld 3. Gewann
±