

Anlage 2 
 
Übersicht der Flurstücke im Geltungsbereich des Aufstellungsbeschlusses Soziale 
Erhaltungssatzung „Alte Südstadt“ und zur Satzung über ein besonderes Vorkaufsrecht 
„Alte Südstadt“  
 
Flurstücknummern: 
 
2506, 2507, 2508, 2509, 2510, 2511, 2512, 2513, 2514, 2515, 2516, 2517, 2518, 2519, 2520, 
2521, 2522, 2523, 2524, 2525, 2526, 2527, 2528, 2529, 2530, 2531, 2532, 2533, 2534, 2535, 
2536, 2537, 2538, 2539, 2540, 2541, 2542, 2544, 2545, 2567, 2568, 2569, 2572, 2573, 2574, 
2577, 2578, 2579, 2580, 2581, 2613, 2614, 2615, 2616, 2617, 2618, 2619, 2620, 2651, 2653, 
2656, 2657, 2658, 2660, 2662, 2665, 2666, 2669, 2670, 2671, 2672, 2673, 2675, 2676, 2680, 
2681, 2682, 2683, 2684, 2685, 2686, 2688, 2689, 2690, 2691, 2692, 2693, 2694, 2696, 2697, 
2698, 2699, 2700, 2701, 2702, 2703, 2704, 2705, 2706, 2707, 2708, 2709, 2711, 2712, 2713, 
2714, 2715, 2716, 2717, 2718, 2719, 2720, 2721, 2722, 2723, 2724, 2725, 2726, 2727, 2728, 
2729, 2730, 2733, 2734, 2735, 2736, 2737, 2738, 2739, 2742, 2743, 2744, 2745, 2746, 2747, 
2748, 2749, 2750, 2752, 2753, 2754, 2755, 2756, 2757, 2758, 2759, 2760, 2762, 2763, 2764, 
2765, 2766, 2767, 2768, 2769, 2770, 2771, 2772, 2773, 2776, 2777, 2778, 2779, 2780, 2781, 
2782, 2783, 2784, 2785, 2786, 2787, 2791, 2792, 2793, 2794, 2795, 2796, 2797, 2798, 2802, 
2803, 2804, 2805, 2806, 2807, 2808, 2809, 2810, 2811, 2812, 2813, 2815, 2817, 2818, 2819, 
2820, 2825, 2826, 2827, 2830, 2831, 2832, 2833, 2834, 2835, 2836, 2837, 2838, 2839, 2840, 
2841, 2842, 2843, 2844, 2845, 2846, 2847, 2848, 2849, 2850, 2851, 2852, 2853, 2854, 2855, 
2856, 2857, 2858, 2859, 2860, 2861, 2862, 2863, 2864, 2865, 2866, 2867, 2868, 2869, 2870, 
2871, 2872, 2873, 2874, 2875, 2876, 2877, 2878, 2879, 2880, 2881, 2882, 2883, 2884, 2885, 
2886, 2887, 2888, 2889, 2890, 2891, 2892, 2893, 2894, 2895, 2896, 2897, 2898, 2899, 2900, 
2901, 2902, 2903, 2904, 2905, 2906, 2907, 2908, 2909, 2910, 2911, 2912, 2913, 2914, 2915, 
2916, 2917, 2918, 2919, 2920, 2921, 2922, 2923, 2924, 2925, 2926, 2927, 2928, 2929, 2930, 
2932, 2941, 2942, 2943, 2944, 2945, 2946, 2947, 2949, 2950, 2951, 2952, 2954, 2955, 2957, 
2958, 2959, 2961, 2962, 2963, 2965, 2966, 2967, 2968, 2969, 2970, 2971, 2972, 2973, 2974, 
2975, 2976, 2977, 2978, 2979, 2980, 2981, 2982, 2983, 2984, 2985, 2988, 2989, 2990, 2991, 
2992, 2993, 2994, 2995, 2996, 2998, 2999, 3000, 3001, 3002, 3003, 3004, 3005, 3006, 3007, 
3008, 3009, 3010, 3011, 3012, 3013, 3014, 3015, 3016, 3017, 3018, 3019, 3020, 3021, 3022, 
3023, 3024, 3025, 3026, 3027, 3028, 3030, 3031, 3032, 3033, 3034, 3035, 3036, 3037, 3038, 
3039, 3040, 3042, 3043, 3044, 3045, 3046, 3047, 3048, 3049, 3050, 3052, 3053, 3054, 3055, 
3056, 3057, 3058, 3059, 3060, 3061, 3062, 3063, 3064, 3065, 3066, 3067, 3068, 3069, 3070, 
3071, 3072, 3073, 3074, 3075, 3076, 3077, 3078, 3079, 3080, 3081, 3082, 3083, 3084, 3085, 
3086, 3087, 3088, 3089, 3090, 3091, 3092, 3093, 3094, 3095, 3096, 3097, 3098, 3099, 3100, 
3101, 3102, 3103, 3104, 3106, 3107, 3108, 3110, 3112, 3113, 3114, 3115, 3116, 3117, 3118, 
3120, 3121, 3122, 3123, 3124, 3125, 3126, 3127, 3128, 3129, 3130, 3131, 3132, 3133, 3134, 
3135, 3136, 3137, 3138, 3139, 3140, 3141, 3142, 3143, 3144, 3145, 3146, 3147, 3148, 3149, 
3150, 3151, 3153, 3154, 3167, 3168, 3169, 3170, 3171, 3172, 3173, 3189, 3216, 3218, 3219, 
3220, 3228, 3229, 3230, 3231, 3232, 3233, 3234, 3236, 3237, 3238, 3239, 3240, 3241, 3242, 
3243, 3244, 3245, 3246, 3247, 3248, 3249, 3250, 3283, 3284, 3285, 3286, 3287, 3288, 3289, 
3290, 3291, 3292, 3293, 3294, 3351, 3352, 3353, 3354, 3355, 3356, 3357, 3358, 3359, 3360, 
2505/1, 2508/1, 2509/1, 2510/1, 2510/2, 2511/1, 2511/2, 2512/1, 2512/2, 2522/1, 2566/1, 
2573/1, 2574/1, 2653/1, 2658/2, 2659/1, 2659/2, 2659/3, 2663/1, 2669/1, 2671/1, 2680/1, 
2680/2, 2681/1, 2681/2, 2681/3, 2686/1, 2695/1, 2695/2, 2703/1, 2705/1, 2711/1, 2712/1, 
2712/2, 2746/1, 2746/2, 2752/1, 2756/1, 2761/1, 2763/1, 2776/1, 2780/1, 2806/1, 2807/1, 
2819/1, 2819/2, 2839/1, 2847/1, 2865/1, 2865/2, 2866/1, 2869/1, 2885/1, 2896/1, 2896/2, 
2896/3, 2898/1, 2898/2, 2898/3, 2899/1, 2906/1, 2921/1, 2929/1, 2932/1, 2948/3, 2984/1, 
2986/2, 3045/1, 3067/1, 3101/2, 3107/1, 3222/1, 3222/2, 3236/1, 3238/1, 3239/1, 3240/1, 
3242/1, 3242/2, 3243/1, 3244/1, 3244/2, 3245/1, 3246/1, 3247/1, 3247/2, 3286/1, 3288/1, 
3291/1, 3292/1, 3293/1, 3293/2, 3294/1, 3351/1, 3351/2, 3352/1, 3353/1, 3353/2, 3353/3, 
3354/1, 3354/2, 3355/1, 3360/1, 3360/2. 