

4982
7545
20085
20090
14409
14408
14413
14439
14403
14458
14457
14465
14467
14746
14745
14454
14475
14729
20079
20080
20081
20092
14410
14407
14459
14456
14462
14450
14749
14470
14747
14478
14735
20078
20084
20087
20075
14405
14401
14743
14741
14480
14733
14734
14482
14001
14436
14406
14440
14402
14400
14463
14466
14479
14739
20083
20077
14468
14477
14730
14731
14728
14732
20086
20091
14438
14441
14442
14455
14748
14469
14472
14744
14740
14073
20088
20076
14460
14451
14464
14473
14474
14742
14481
14736
20089
14412
14411
14404
14461
14437
14471
14476
7548/3
4963/4
7545/8
7545/7
4963/8
4963/5
7548/6
7545/2
4982/8
7548/5
7549/5
7545/1
4971/28
14408/1
7548/11
14008/2
14400/2
4963/21
7545/17
14406/1
14440/1
14400/3
7548/14
4971/25
7545/18
7548/31
14401/1
14405/1
14412/1
14404/1
7548/12
7548/30
14407/1
7545/14
14401/2
14460/1
4982/10
14411/1
14410/1
14409/1
14413/1
14403/1
14400/1
HsNr.6
5
4
6
5
2
6
8
9
5
2
7
8
7
9
8
4
8
7
4
7
4
3
9
3
1
3
6
8
1
2
5
6
4
2
3
7
3
16
22
13
19
49
55
61
14
81
28
87
31
99
1a
43
14
34
31
48
56
63
67
71
70
75
26
89
41
11
30
12
53
18
21
66
27
29
91
32
26
33
40
37
60
22
16
18
35
1b
33
37
47
12
15
35
39
17
57
54
68
73
25
85
30
33
17
31
11
24
32
36
29
44
42
10
3a
43
47
19
20
24
15
93
10
45
49
18
28
27
38
41
51
52
58
62
69
95
97
14
34
35
39
10
10
20
17
21
23
25
1c
46
45
50
16
64
77
79
83
12
105
70a
109
103
107
68a
101
Alb
Schlagfeldweg
Silcherstraße
Michelinstraße
Michelinstraße
Pfannkuchstraße
Franz-Abt-Straße
Daxlander Straße
Daxlander Straße
B    36
20094
20053
20082
14483
20093
14417
7545/6
20052/1
1
65
B    36
±