

36200159
36200301
36200215
36200205
36200202
36206314
36200555
36200603
36200051
36200309
36200351
36200231
36200350
36202300
36205090
36200107
36206306
36200214
36204213
36216630
36207129
36207220
36204030
36200304
36207270
36200100
36200211
36200112
36207118
36207104
36200354
36207311
36200307
36207130
36200150
36207262
36206303
36200602
36206061
36200501
36200601
36207107
36206307
36200604
36200208
36200352
36206305
36202061
36200201
36206360
36206380
36200256
36207324
36206361
36207240
36207115
36200512
36206186
36200302
36200265
36202000
36207361
36205005
36204001
36200511
36206213
36204211
36202001
36200109
36200238
36204093
36200210
36200169
36200207
36207112
36207108
36207119
36207332
36205052
36217555
36200353
36204062
36207325
36200153
36204096
36206312
36207362
36200113
36200209
36200651
36206189
36205051
36200355
36200650
36204036
36200206
36207330
36202060
36200101
36204035
36200254
36204094
36205053
36219631
36204184
36206131
36204215
36205007
36204095
36200216
36200605
36200310
36205045
36205038
36202006
36207105
36200168
36200160
36200165
36200253
36207111
36206363
36204061
36200008
36206185
36200315
36202003
36206216
36206153
36200356
36205006
36200161
36204214
36200170
36200157
36200167
36205030
36202062
36204060
36200556
36204150
36200152
36204180
36205044
36205035
36205041
36207125
36204182
36205056
36205009
36205033
36206330
36205042
36202063
36200563
36206064
36200158
36204152
36200217
36204301
36205054
36200163
36200271
36204181
36200164
36206065
36205046
36202009
36207126
36200106
36200513
36200154
36207124
36200114
36200156
36207127
36200232
36205059
36200517
36200102
36200166
36200239
36205060
36200314
36200311
36200104
36204033
36204212
36200303
36200270
36207116
36205036
36200003
36205002
36205047
36204032
36216632
36204151
36205048
36207114
36200273
36206311
36200004
36206309
36219632
36200516
36200313
36202004
36205000
36205055
36200001
36207211
36207103
36207261
36205008
36200050
36206481
36205001
36204034
36202005
36200002
36200007
36205010
36200162
36205004
36202064
36200151
36200520
36200240
36204185
36202007
36202002
36200108
36205011
36205058
36205003
36200105
36200851
36200312
36200557
36200306
36200006
36206152
36200507
36200110
36207101
3620056336207331
Stellplatzablösebeträge
Dieser Plan darf ohne Erlaubnis der Stadt Karlsruhe nicht vervielfältigt werden.
Änderungen und Einträge sind deutlich als solche kenntlich zu machen.
Planfertigung:Datum:Maßstab:
1:15.000
26.01.2023M. Albert
Liegenschaftsamt
Stadt Karlsruhe
Bodenrichtwertzone 2022
Zone1
Zone2