

Anlage 3
Leistung
Erstattung von Verkehrswertgutachten durch den Gutachter-
ausschuss, die Geschäftsstelle des Gutachterausschusses und
die Grundstücksbewertungsstelle
0
25.000
Verkehrswert  107,001,78600    1.070,00
1.070,001.070,00
25.001
50.000
Verkehrswert  107,001,78690    1.230,50
1.230,50900,001.230,00
50.001
75.000
Verkehrswert  107,001,78780    1.391,00
1.391,001.040,001.390,00
75.001
100.000
Verkehrswert  107,001,78870    1.551,50
1.551,501.180,001.550,00
100.001
125.000
Verkehrswert  107,001,78960    1.712,00
1.712,001.320,001.710,00
125.001
150.000
Verkehrswert  107,001,781020    1.819,00
1.819,001.440,001.810,00
150.001
175.000
Verkehrswert  107,001,781080    1.926,00
1.926,001.560,001.920,00
175.001
200.000
Verkehrswert  107,001,781140    2.033,00
2.033,001.680,002.030,00
200.001
225.000
Verkehrswert  107,001,781200    2.140,00
2.140,001.790,002.140,00
225.001
250.000
Verkehrswert  107,001,781260    2.247,00
2.247,001.910,002.240,00
250.001
300.000
Verkehrswert  107,001,781350    2.407,50
2.407,502.050,002.400,00
300.001
350.000
Verkehrswert  107,001,781440    2.568,00
2.568,002.190,002.560,00
350.001
400.000
Verkehrswert  107,001,781530    2.728,50
2.728,502.340,002.720,00
400.001
450.000
Verkehrswert  107,001,781620    2.889,00
2.889,002.480,002.880,00
450.001
500.000
Verkehrswert  107,001,781680    2.996,00
2.996,002.620,002.990,00
500.001
750.000
Verkehrswert  107,001,781890    3.370,50
3.370,502.990,003.370,00
750.001
1.000.000
Verkehrswert  107,001,782100    3.745,00
3.745,003.350,003.740,00
1.000.001
1.250.000
Verkehrswert  107,001,782310    4.119,50
4.119,503.720,004.110,00
1.250.001
1.500.000
Verkehrswert  107,001,782520    4.494,00
4.494,004.080,004.490,00
1.500.001
1.750.000
Verkehrswert  107,001,782730    4.868,50
4.868,504.450,004.860,00
1.750.001
2.000.000
Verkehrswert  107,001,782940    5.243,00
5.243,004.810,005.240,00
2.000.001
2.250.000
Verkehrswert  107,001,783150    5.617,50
5.617,505.180,005.610,00
2.250.001
2.500.000
Verkehrswert  107,001,783360    5.992,00
5.992,005.550,005.990,00
2.500.001
3.000.000
Verkehrswert  107,001,783660    6.527,00
6.527,006.040,006.520,00
3.000.001
3.500.000
Verkehrswert  107,001,783930    7.008,50
7.008,506.540,007.000,00
3.500.001
4.000.000
Verkehrswert  107,001,784200    7.490,00
7.490,007.030,007.490,00
4.000.001
4.500.000
Verkehrswert  107,001,784470    7.971,50
7.971,507.530,007.970,00
4.500.001
5.000.000
Verkehrswert  107,001,784740    8.453,00
8.453,00
8.020,008.450,00
* = die kalkulierte Festbetragsgebühr wird in der Gebührentabelle auf volle zehn Euro abgerundet dargestellt
Kosten
pro Minute
in €
Bearb.zeit
in Min.
Kost./Leist.
in €
separate
Sachkosten 
in €
Gebührensatz*
in €
Gebührensatz
in €/2017
Gebührensatz
in €/2024 
geglättet
Kalkulation der Festbetragsgebühren
Gebührenrahmen/€
vonbis
Stundensatz
der DS