

7
2
8
3
4
9
1
0
5
/
1
9
/
1
5
/
2
1
4
3
1
4
8
1
5
0
2/1
1/1
1
4
0
1
/
6
1
4
2
1
/
4
1
4
1
1
3
4
1
5
2
1
2
4
1
/
5
1
2
9
1
2
8
1
/
9
1
3
2
1
5
4
1
5
3
1
4
6
9
8
0
1
2
7
1
3
3
1
3
6
1
4
4
1
3
0
1
3
7
1
4
9
1
3
8
1
3
5
1
3
1
9
9
4
0
9
9
9
7
9
9
6
0
9
9
9
3
9
9
9
2
9
9
5
7
9
9
7
3
9
9
5
8
9
9
9
4
9
9
3
8
9
9
6
8
1
/
1
5
1
/
1
6
9
9
9
5
1
/
1
0
9
9
4
4
1
/
1
3
9
9
4
2
9
9
6
9
1
/
5
6
1
/
1
2
9
9
4
7
9
9
7
5
1
/
1
1
1
/
1
4
9
9
9
9
9
9
9
6
9
9
6
3
9
9
9
8
9
9
4
6
9
9
7
6
9
9
6
7
9
9
7
2
10960
1
1
2
5
7
1
1
2
6
5
1
1
2
3
9
1
1
2
3
0
1
1
2
1
9
1
0
9
6
6
1
1
2
1
4
1
1
0
9
4
1
1
1
0
5
1
1
1
1
4
1
1
1
1
5
1
1
1
1
7
1
1
0
7
0
1
0
9
8
0
1
0
9
8
7
1
0
9
8
9
1
0
9
9
4
1
0
9
9
6
1
1
0
0
2
1
1
2
0
5
1
1
0
7
7
1
2
6
/
6
1
1
0
1
2
1
1
0
1
7
10782
1
1
0
2
1
1
1
0
4
6
1
1
0
4
1
1
1
0
3
5
1
1
0
2
7
1
1
0
5
0
1
4
1
/
2
1
5
1
/
2
1
2
6
/
2
1
2
6
/
7
1
2
9
/
1
1
1
2
6
0
1
1
2
6
2
1
1
2
6
3
1
1
2
7
7
1
1
2
7
8
1
1
2
8
0
1
1
2
8
3
1
1
2
3
6
1
1
0
9
6
1
1
2
2
8
1
1
2
2
0
1
1
2
1
6
1
1
2
4
2
1
1
2
4
3
1
0
9
6
4
1
0
9
7
6
1
0
9
7
8
1
0
9
8
2
1
0
9
9
7
1
1
0
0
7
1
1
0
9
1
1
1
2
0
8
1
1
2
0
7
1
1
0
8
9
1
1
0
7
2
1
3
9
/
7
1
2
6
/
8
1
1
0
0
8
1
1
0
1
0
1
1
0
4
8
1
1
0
4
0
1
1
0
2
9
1
4
8
/
2
1
1
0
5
3
1
3
9
/
8
1
3
6
/
1
1
5
5
/
2
1
3
6
/
2
1
1
0
6
3
1
1
2
5
6
1
1
2
6
4
1
1
2
7
3
1
1
2
7
5
1
1
2
3
4
1
1
2
2
4
1
1
2
2
1
1
1
0
9
7
1
0
9
7
4
1
1
1
0
8
1
1
1
1
9
1
1
1
1
2
1
0
9
8
4
1
0
9
8
5
1
0
9
8
6
1
0
9
8
8
1
0
9
9
1
1
0
9
9
9
1
1
2
0
2
1
1
0
8
7
1
1
0
8
4
1
1
0
6
9
1
1
0
8
0
1
4
1
/
1
1
1
0
1
6
1
1
0
4
2
1
1
0
3
6
1
1
0
2
4
1
1
0
5
6
1
1
0
6
4
1
1
0
5
4
1
1
0
5
5
1
3
7
/
2
1
3
7
/
1
1
4
6
/
1
1
3
1
/
1
1
5
1
/
1
1
4
9
/
1
1
3
4
/
1
1
1
2
5
4
1
1
2
6
1
1
1
2
6
8
1
1
1
2
5
1
1
2
8
6
1
1
2
1
8
1
1
2
2
5
1
2
2
9
8
1
1
1
0
1
1
1
1
0
4
1
1
1
0
7
1
1
0
0
0
1
1
0
0
5
1
1
2
1
1
1
1
2
1
2
1
1
0
3
1
1
3
9
/
4
1
1
0
1
9
1
1
0
2
2
1
1
0
4
4
1
1
0
3
4
1
1
0
2
5
1
5
5
/
6
1
5
5
/
3
1
3
9
/
9
1
4
0
/
1
1
4
6
/
5
1
4
3
/
1
1
3
9
/
2
1
2
4
/
3
1
2
3
/
3
1
1
2
7
1
1
1
2
8
5
1
1
2
3
7
1
1
2
4
1
1
1
2
2
2
1
1
0
9
8
1
1
2
4
4
1
0
9
7
1
1
0
9
7
5
1
1
2
1
5
1
1
1
0
6
1
1
1
0
9
1
0
9
9
3
1
1
0
9
3
1
1
0
9
2
1
1
2
0
9
1
1
0
8
8
1
1
0
6
5
1
5
5
/
7
1
1
0
7
9
1
4
8
/
1
1
2
6
/
3
1
1
0
3
3
1
4
4
/
1
1
4
4
/
2
149/2
1
1
0
6
8
1
1
0
6
7
1
3
7
/
4
1
2
5
/
1
1
1
2
6
6
1
1
0
9
9
1
1
1
0
0
1
0
9
6
7
1
0
9
6
8
1
0
9
6
9
1
1
0
9
5
1
1
1
0
3
1
1
0
7
1
1
1
1
2
2
1
0
9
8
1
1
0
9
6
2
1
0
9
9
8
1
1
0
0
3
1
1
0
8
5
1
1
0
8
1
1
4
7
/
2
12362
1
1
0
1
4
1
1
0
2
3
1
0
7
8
3
1
1
0
2
6
1
1
0
2
8
1
1
0
3
0
1
3
8
/
1
1
3
0
/
1
1
2
5
/
2
1
2
5
/
3
1
2
6
/
5
1
0
9
6
1
1
1
2
8
7
1
1
2
3
2
1
1
2
3
1
1
1
2
2
3
1
1
2
1
7
1
0
9
7
0
1
0
9
7
2
1
0
9
7
3
1
0
9
7
7
1
1
1
1
0
1
1
1
1
1
1
0
9
7
9
1
0
9
9
0
1
0
9
9
5
1
1
0
0
4
1
1
0
0
6
1
1
2
1
3
1
1
0
9
0
1
1
0
8
6
1
1
0
8
3
1
1
0
7
6
1
1
0
3
2
1
3
2
/
1
1
2
9
/
2
1
1
0
4
5
1
1
0
5
1
1
3
5
/
1
1
4
6
/
4
1
4
9
/
3
1
1
0
6
6
1
4
6
/
3
1
3
3
/
1
1
1
2
7
0
1
1
2
3
5
1
1
2
2
6
1
1
1
9
8
1
0
9
6
5
11201
1
1
1
0
2
1
1
1
1
3
1
0
9
8
3
1
0
9
9
2
1
1
0
0
1
1
1
2
1
0
1
1
0
8
2
1
1
0
7
8
1
3
9
/
6
1
2
6
/
4
1
1
0
1
3
1
1
0
1
5
1
1
0
1
8
1
1
0
3
8
1
4
9
/
4
1
3
7
/
3
1
4
1
/
3
1
5
5
/
1
1
4
0
/
2
1
2
4
/
2
1
2
6
/
1
2
8
7
5
/
3
2
8
7
2
/
4
2872/3
1
1
2
4
6
/
1
1
9
9
8
2
1
4
5
6
4
7
2
3
3
6
2
6
2
4
1
7
1
9
2
3
2
0
2
2
1
5
2
5
1
4
1
8
1
2
3
0
1
1
1
6
1
0
1
1
3
a
2
0
3
2
2
2
2
8
3
4
3
4
2
3
3
4
3
7
7
3
8
1
3
9
3
3
9
7
3
4
8
3
8
5
3
8
9
4
0
1
3
3
0
3
7
1
3
6
9
3
8
7
3
4
0
3
9
7
3
6
9
3
7
9
3
8
3
4
0
5
3
3
8
3
4
4
4
0
3
3
8
3
3
7
5
3
7
3
3
4
6
3
8
7
3
9
5
3
3
2
3
3
6
3
7
3
4
0
1
4
0
3
3
9
3
3
7
1
3
3
6
a
3
7
3
a
3
3
2
a
Viehweg
A
m
 
Z
i
n
k
e
n
A
m
 
Z
i
n
k
e
n
A
m
 
Z
i
n
k
e
n
E
g
e
l
s
e
e
g
r
a
b
e
n
G
r
a
b
e
n
e
r
 
S
t
r
a
ß
e
Gottesauer Feld
Gottesauer Feld
Gottesauer Feld
A
n
 
d
e
r
 
S
a
n
d
g
r
u
b
e
Kirchfeld -Neureut-
Kirchfeld -Neureut-
Weingärten -Neureut-
N
e
u
r
e
u
t
e
r
 
H
a
u
p
t
s
t
r
a
ß
e
Hochstetten -Neureut-
Hochstetten -Neureut-
Hochstetten -Neureut-
B
 
 
 
 
3
6
9
9
4
1
9
9
6
2
9
9
6
6
9
9
3
7
9
9
5
6
9
9
6
1
9
9
5
9
9
9
4
5
9
9
3
9
9
9
5
5
9
9
4
3
1
1
2
5
2
1
1
2
4
9
1
1
2
4
8
1
1
2
5
8
1
1
2
2
7
1
1
2
0
6
1
1
0
4
9
1
1
2
5
3
1
4
3
1
1
2
2
9
1
1
2
8
1
1
1
2
8
4
1
3
0
2
1
3
9
/
1
1
1
0
1
1
1
1
0
0
9
1
1
0
4
7
1
1
2
7
6
1
1
2
7
9
1
1
2
3
8
1
1
2
4
0
1
1
1
1
8
1
1
2
0
4
1
3
9
/
5
1
1
0
2
0
1
1
0
3
9
1
1
2
4
7
1
1
2
5
0
1
1
2
5
5
1
1
2
6
7
1
1
2
8
2
1
1
4
2
1
1
2
0
3
1
1
2
5
1
1
1
2
5
9
1
1
2
6
9
0
1
1
3
9
/
3
1
1
2
7
2
1
1
2
7
4
1
1
2
4
5
1
1
2
3
3
1
1
1
1
6
1
1
0
4
3
1
1
0
3
7
1
1
0
5
2
144/2
1
4
9
/
2
3
2
8
3
2
6
G
e
w
e
r
b
e
r
i
n
g
A
m
 
G
a
r
t
e
n
b
e
r
g
G
r
a
b
e
n
e
r
 
S
t
r
a
ß
e
G
r
a
b
e
n
e
r
 
S
t
r
a
ß
e
Gottesauer Feld