10009399 Personalrat 	0,00 	2.824,50 	2.824,50 	0,00
10039100 GesamtJugend-undAuszubildendenvertretung 	19.851,09 	23.323,09 	2.092,88 	21.230,21
11009399 Personalrat 	0,29 	2.561,29 	876,00 	1.685,29
12009399 Personalrat 	2.018,00 	2.871,00 	40,00 	2.831,00
13009399 Personalrat 	884,50 	1.484,50 	800,00 	684,50
14009399 Personalrat 	1.960,00 	2.668,50 	888,96 	1.779,54
15009393 Personalrat Hohenwettersbach 	248,50 	434,50 	0,00 	434,50
15009394 Personalrat Durlach 	4.244,99 	7.267,49 	5.125,90 	2.141,59
15009395 Personalrat Stupferich 	634,22 	1.236,22 	832,50 	403,72
15009396 Personalrat Wolfartsweier 	1.303,00 	2.022,50 	1.027,92 	994,58
15009397 Personalrat Grötzingen 	544,99 	2.096,99 	629,70 	1.467,29
15009398 Personalrat Wettersbach 	2.247,83 	2.960,83 	2.136,17 	824,66
15009399 Personalrat Neureut 	780,95 	2.901,95 	1.600,35 	1.301,60
17009399 Personalrat 	3.504,84 	4.946,34 	1.099,37 	3.846,97
20009399 Personalrat 	1.781,90 	4.702,40 	4.465,62 	236,78
30009399 Personalrat 	0,00 	1.386,00 	1.386,00 	0,00
31009399 Personalrat 	2.724,50 	4.263,00 	1.689,85 	2.573,15
32009399 Personalrat 	7.354,06 	14.486,06 	10.734,89 	3.751,17
37009399 Personalrat 	1.647,25 	6.373,75 	5.500,00 	873,75
40009399 Zuschuss Personalrat 	8.327,45 	18.387,45 	8.093,86 	10.293,59
41009399 Personalrat 	2.037,97 	4.897,97 	1.936,80 	2.961,17
43009399 Personalrat 	3.867,81 	5.520,31 	1.529,30 	3.991,01
50009399 Personalrat (Zuschuss POA) 	38.211,03 	58.621,53 	40.110,75 	18.510,78
52009399 Personalrat 	2.953,02 	4.503,02 	0,00 	4.503,02
61009399 Personalrat 	215,51 	1.592,01 	1.326,50 	265,51
62009399 Personalrat 	742,62 	3.532,62 	2.988,55 	544,07
63009399 Personalrat 	1.047,77 	2.407,77 	1.522,00 	885,77
66009399 Personalrat 	7.125,63 	14.930,13 	9.570,37 	5.359,76
67009399 Personalrat 	1.782,62 	6.825,12 	5.924,65 	900,47
68009399 Personalrat 	0,00 	1.758,00 	1.758,00 	0,00
69009399 Personalrat 	3.636,50 	5.506,00 	5.506,00 	0,00
72009399 Personalrat 	0,00 	300,50 	57,30 	243,20
80009399 Personalrat 	405,09 	1.227,09 	284,66 	942,43
82009399 Personalrat 	539,70 	1.343,20 	1.258,00 	85,20
88119399 Personalrat 	330,64 	3.915,14 	3.871,02 	44,12

-- 1 of 1 --

